#PATH-POINTS-START Path
141.927,-70.652,120,0
140.019,-71.253,120
138.111,-71.851,120
136.201,-72.446,120
134.291,-73.039,120
132.38,-73.628,120
130.468,-74.215,120
128.555,-74.799,120
126.641,-75.38,120
124.727,-75.958,120
122.811,-76.533,120
120.895,-77.105,120
118.978,-77.675,120
117.059,-78.241,120
115.141,-78.805,120
113.221,-79.366,120
111.301,-79.925,120
109.379,-80.481,120
107.458,-81.035,120
105.536,-81.587,120
103.613,-82.138,120
101.69,-82.687,120
99.766,-83.235,120
97.842,-83.782,120
95.919,-84.329,120
93.995,-84.876,120
92.071,-85.423,120
90.148,-85.972,120
88.225,-86.522,120
86.303,-87.074,120
84.381,-87.629,120
82.461,-88.187,120
80.541,-88.748,120
78.623,-89.314,120
76.706,-89.885,120
74.791,-90.461,120
72.877,-91.042,120
70.965,-91.63,120
69.055,-92.223,120
67.148,-92.823,120
65.242,-93.43,120
63.338,-94.042,120
61.436,-94.663,120
59.537,-95.289,120
57.64,-95.922,120
55.745,-96.563,120
53.853,-97.209,120
51.962,-97.863,120
50.074,-98.522,120
48.188,-99.188,120
46.304,-99.859,120
44.423,-100.537,120
42.543,-101.22,120
40.665,-101.909,120
38.789,-102.602,120
36.915,-103.301,120
35.043,-104.005,120
33.173,-104.713,120
31.304,-105.426,120
29.437,-106.143,120
27.572,-106.864,120
25.708,-107.589,120
23.845,-108.318,120
21.984,-109.05,120
20.125,-109.786,120
18.266,-110.525,120
16.409,-111.268,120
14.553,-112.014,120,0
13.521,-112.902,120
15.076,-114.158,120
16.723,-115.292,120
18.465,-116.274,120
20.294,-117.08,120
22.197,-117.694,120
24.15,-118.12,120
26.133,-118.377,120
28.129,-118.501,120
30.128,-118.531,120
32.128,-118.508,120
34.128,-118.463,120
36.127,-118.427,120
38.127,-118.422,120
40.127,-118.465,120
42.124,-118.569,120
44.116,-118.742,120
46.101,-118.989,120
48.075,-119.311,120
50.035,-119.709,120,0
51.986,-120.148,120
53.939,-120.578,120
55.893,-121.003,120
57.848,-121.425,120
59.803,-121.848,120
61.758,-122.272,120
63.712,-122.698,120
65.665,-123.127,120
67.618,-123.56,120
69.57,-123.997,120
71.52,-124.438,120
73.47,-124.884,120
75.418,-125.335,120
77.366,-125.792,120
79.311,-126.254,120
81.256,-126.721,120
83.199,-127.194,120
85.141,-127.673,120
87.081,-128.158,120
89.02,-128.649,120
90.957,-129.147,120
92.893,-129.65,120
94.827,-130.159,120
96.759,-130.675,120
98.69,-131.197,120
100.619,-131.726,120
102.546,-132.261,120
104.471,-132.802,120
106.395,-133.35,120
108.316,-133.904,120
110.236,-134.465,120
112.154,-135.033,120
114.07,-135.607,120
115.984,-136.188,120
117.895,-136.775,120
119.805,-137.369,120
121.713,-137.97,120
123.618,-138.578,120
125.522,-139.192,120
127.423,-139.812,120
129.322,-140.441,120
131.218,-141.075,120
133.113,-141.716,120
135.005,-142.365,120
136.894,-143.02,120
138.782,-143.681,120
140.667,-144.35,120
142.549,-145.026,120
144.429,-145.708,120
146.306,-146.398,120
148.181,-147.094,120
150.053,-147.798,120
151.923,-148.508,120
153.79,-149.225,120
155.654,-149.95,120
157.516,-150.681,120
159.374,-151.419,120
161.231,-152.163,120,0
163.094,-152.89,120
164.973,-153.577,120
166.871,-154.206,120
168.792,-154.759,120
170.746,-155.182,120
172.735,-155.372,120
174.665,-154.952,120
175.466,-153.234,120
174.961,-151.309,120
174.066,-149.522,120
173.007,-147.826,120
171.858,-146.19,120
170.649,-144.596,120
169.4,-143.034,120
168.116,-141.501,120
166.811,-139.986,120
165.484,-138.489,120
164.141,-137.007,120
162.784,-135.537,120
161.416,-134.078,120
160.037,-132.63,120
158.649,-131.19,120
157.254,-129.757,120
155.851,-128.332,120
154.442,-126.912,120
153.028,-125.498,120
151.608,-124.09,120
150.184,-122.686,120
148.755,-121.286,120
147.323,-119.89,120
145.887,-118.498,120
144.448,-117.109,120
143.006,-115.723,120
141.561,-114.34,120
140.113,-112.96,120
138.664,-111.582,120
137.212,-110.207,120
135.758,-108.834,120
134.302,-107.462,120
132.844,-106.093,120
131.385,-104.725,120
129.925,-103.359,120
128.463,-101.994,120
127,-100.63,120
125.536,-99.268,120
124.07,-97.906,120
122.604,-96.546,120
121.138,-95.186,120
119.67,-93.828,120
118.202,-92.469,120
116.733,-91.112,120
115.264,-89.755,120
113.794,-88.399,120
112.324,-87.042,120
110.854,-85.686,120
109.384,-84.33,120
107.914,-82.975,120
106.443,-81.619,120
104.973,-80.263,120
103.503,-78.907,120
102.033,-77.55,120
100.564,-76.194,120
99.095,-74.836,120
97.627,-73.478,120
96.159,-72.12,120
94.692,-70.761,120
93.225,-69.4,120
91.76,-68.039,120
90.296,-66.677,120
88.833,-65.314,120
87.371,-63.948,120
85.911,-62.582,120
84.452,-61.214,120
82.995,-59.844,120
81.54,-58.472,120
80.087,-57.097,120
78.636,-55.721,120
77.188,-54.341,120
75.742,-52.959,120
74.3,-51.573,120
72.861,-50.184,120
71.426,-48.791,120
69.995,-47.394,120,0
68.51,-47.06,120
66.948,-48.309,120
65.399,-49.575,120
63.865,-50.858,120
62.35,-52.163,120
60.854,-53.491,120
59.381,-54.844,120
57.934,-56.224,120
56.514,-57.633,120
55.122,-59.069,120
53.755,-60.529,120
52.409,-62.008,120
51.076,-63.499,120
49.748,-64.995,120
48.418,-66.488,120
47.078,-67.973,120
45.725,-69.445,120
44.356,-70.904,120
42.971,-72.347,120
41.571,-73.774,120
40.155,-75.187,120
38.725,-76.585,120
37.282,-77.97,120
35.827,-79.342,120
34.361,-80.703,120
32.886,-82.053,120
31.401,-83.393,120
29.908,-84.724,120
28.408,-86.046,120
26.9,-87.36,120
25.386,-88.668,120
23.866,-89.968,120
22.341,-91.261,120
20.811,-92.549,120
19.276,-93.831,120
17.737,-95.108,120
16.193,-96.38,120
14.646,-97.647,120
13.095,-98.91,120
11.541,-100.169,120
9.984,-101.424,120
8.423,-102.675,120
5.444,-105.048,120,0
5.444,-105.048,0,0
#PATH.JERRYIO-DATA {"appVersion":"0.8.3","format":"path.jerryio v0.1","gc":{"robotWidth":30,"robotHeight":30,"robotIsHolonomic":false,"showRobot":false,"uol":1,"pointDensity":2,"controlMagnetDistance":5,"fieldImage":{"displayName":"V5RC 2025 - High Stakes","signature":"V5RC 2025 - High Stakes","origin":{"__type":"built-in"}},"coordinateSystem":"VEX Gaming Positioning System"},"paths":[{"segments":[{"controls":[{"uid":"fiwqrJB2jz","x":141.92676275808333,"y":-70.65192832099726,"lock":false,"visible":true,"heading":0,"__type":"end-point"},{"uid":"i0JfQ42ym7","x":85.02668484612386,"y":-88.6203739774055,"lock":false,"visible":true,"__type":"control"},{"uid":"xWiWybql3q","x":72.44877288663808,"y":-88.6203739774055,"lock":false,"visible":true,"__type":"control"},{"uid":"LLCAjYzp5D","x":13.152902220490832,"y":-112.57830151928319,"lock":false,"visible":true,"heading":0,"__type":"end-point"}],"speedProfiles":[],"lookaheadKeyframes":[],"uid":"WsU9V5d7yp"},{"controls":[{"uid":"LLCAjYzp5D","x":13.152902220490832,"y":-112.57830151928319,"lock":false,"visible":true,"heading":0,"__type":"end-point"},{"uid":"p0ouIl97aT","x":24.53291780288273,"y":-122.7604207245812,"lock":false,"visible":true,"__type":"control"},{"uid":"5UgDWzBQ3H","x":33.21766653681338,"y":-115.87251655629137,"lock":false,"visible":true,"__type":"control"},{"uid":"Zgoub2HpIP","x":50.28768991040123,"y":-119.76567978184649,"lock":false,"visible":true,"heading":0,"__type":"end-point"}],"speedProfiles":[],"lookaheadKeyframes":[],"uid":"1I5TSqj2fq"},{"controls":[{"uid":"Zgoub2HpIP","x":50.28768991040123,"y":-119.76567978184649,"lock":false,"visible":true,"heading":0,"__type":"end-point"},{"uid":"ob6UmvssOl","x":67.35771328398907,"y":-123.6588430074016,"lock":false,"visible":true,"__type":"control"},{"uid":"vfmPhgORmx","x":109.88303467082193,"y":-131.44516945851186,"lock":false,"visible":true,"__type":"control"},{"uid":"wnuncdd8BQ","x":161.09310479158546,"y":-152.10888196338135,"lock":false,"visible":true,"heading":0,"__type":"end-point"}],"speedProfiles":[],"lookaheadKeyframes":[],"uid":"2gNIFHJLDQ"},{"controls":[{"uid":"wnuncdd8BQ","x":161.09310479158546,"y":-152.10888196338135,"lock":false,"visible":true,"heading":0,"__type":"end-point"},{"uid":"rrIrZPS0pe","x":212.303174912349,"y":-172.77259446825084,"lock":false,"visible":true,"__type":"control"},{"uid":"q92dzoOfhm","x":113.67084618110347,"y":-90.35811329807484,"lock":false,"visible":true,"__type":"control"},{"uid":"wT1gDNsX8Y","x":69.14406779661014,"y":-46.55932203389829,"lock":false,"visible":true,"heading":0,"__type":"end-point"}],"speedProfiles":[],"lookaheadKeyframes":[],"uid":"yk0geuJIQh"},{"controls":[{"uid":"wT1gDNsX8Y","x":69.14406779661014,"y":-46.55932203389829,"lock":false,"visible":true,"heading":0,"__type":"end-point"},{"uid":"nrnhaytXgY","x":44.822033898305065,"y":-65.66949152542371,"lock":false,"visible":true,"__type":"control"},{"uid":"OYgrrhI0Vb","x":55.82485875706213,"y":-65.09039548022596,"lock":false,"visible":true,"__type":"control"},{"uid":"dJVbtCu2yT","x":5.443502824858744,"y":-105.04802259887003,"lock":false,"visible":true,"heading":0,"__type":"end-point"}],"speedProfiles":[],"lookaheadKeyframes":[],"uid":"v3OT2xPCxk"}],"pc":{"speedLimit":{"minLimit":{"value":0,"label":"0"},"maxLimit":{"value":600,"label":"600"},"step":1,"from":40,"to":120},"bentRateApplicableRange":{"minLimit":{"value":0,"label":"0"},"maxLimit":{"value":1,"label":"1"},"step":0.001,"from":0,"to":0.1}},"name":"Path","uid":"05NONx2gfP","lock":false,"visible":true}]}