#PATH-POINTS-START Path
140.13,-79.636,120,0
138.187,-80.11,120
136.242,-80.576,120
134.295,-81.035,120
132.347,-81.486,120
130.396,-81.929,120
128.444,-82.362,120
126.489,-82.786,120
124.533,-83.199,120
122.574,-83.602,120
120.612,-83.994,120
118.649,-84.374,120
116.683,-84.741,120
114.715,-85.096,120
112.744,-85.436,120
110.77,-85.76,120
108.794,-86.07,120
106.816,-86.363,120
104.835,-86.637,120
102.851,-86.894,120
100.865,-87.129,120
98.877,-87.346,120
96.886,-87.54,120
94.894,-87.712,120
92.9,-87.863,120
90.904,-87.992,120
88.907,-88.1,120
86.909,-88.189,120
84.91,-88.264,120
82.911,-88.327,120
80.912,-88.388,120
78.913,-88.454,120
76.915,-88.534,120
74.917,-88.639,120
72.922,-88.778,120
70.931,-88.96,120
68.944,-89.189,120
66.964,-89.47,120
64.992,-89.802,120
63.028,-90.183,120
61.075,-90.61,120
59.131,-91.081,120
57.197,-91.592,120
55.273,-92.137,120
53.358,-92.714,120
51.451,-93.318,120
49.553,-93.949,120
47.663,-94.6,120
45.779,-95.273,120
43.902,-95.963,120
42.031,-96.67,120
40.166,-97.392,120
38.306,-98.126,120
36.45,-98.872,120
34.599,-99.629,120
32.752,-100.397,120
30.909,-101.173,120
29.069,-101.958,120
27.233,-102.751,120
25.4,-103.551,120
23.57,-104.357,120
21.742,-105.169,120
19.917,-105.988,120
18.095,-106.812,120
16.274,-107.64,120
14.456,-108.473,120
12.64,-109.31,120,0
10.825,-110.151,120
12.642,-110.575,120
14.586,-111.041,120
16.514,-111.574,120
18.42,-112.178,120
20.302,-112.857,120
22.155,-113.608,120
23.983,-114.42,120
25.793,-115.271,120
27.601,-116.126,120
29.426,-116.944,120
31.283,-117.684,120
33.18,-118.317,120
35.113,-118.831,120
37.073,-119.228,120
39.051,-119.519,120
41.041,-119.717,120
43.037,-119.837,120
45.037,-119.892,120
47.037,-119.892,120
49.036,-119.845,120
51.034,-119.76,120,0
53.034,-119.734,120
55.03,-119.839,120
57.017,-120.066,120
58.989,-120.401,120
60.942,-120.832,120
62.874,-121.347,120
64.785,-121.936,120
66.677,-122.585,120
68.549,-123.288,120
70.405,-124.033,120
72.247,-124.813,120
74.075,-125.623,120
75.894,-126.455,120
77.704,-127.306,120
79.507,-128.171,120
81.306,-129.046,120
83.101,-129.928,120
84.894,-130.814,120
86.686,-131.701,120
88.479,-132.587,120
90.274,-133.47,120
92.071,-134.348,120
93.871,-135.22,120
95.675,-136.084,120
97.483,-136.939,120
99.295,-137.784,120
101.113,-138.617,120
102.937,-139.439,120
104.766,-140.248,120
106.601,-141.042,120
108.443,-141.823,120
110.29,-142.588,120
112.144,-143.338,120
114.005,-144.072,120
115.872,-144.79,120
117.745,-145.492,120
119.624,-146.176,120
121.509,-146.843,120
123.4,-147.494,120
125.298,-148.125,120
127.201,-148.739,120
129.11,-149.336,120
131.025,-149.914,120
132.945,-150.475,120
134.87,-151.018,120
136.8,-151.542,120
138.734,-152.049,120
140.674,-152.538,120
142.617,-153.009,120
144.566,-153.461,120
146.518,-153.896,120
148.474,-154.314,120
150.433,-154.715,120
152.396,-155.098,120
154.362,-155.462,120,0
155.762,-155.067,120
155.945,-153.075,120
156.127,-151.083,120
156.306,-149.092,120
156.482,-147.099,120
156.656,-145.107,120
156.828,-143.114,120
156.997,-141.121,120
157.164,-139.128,120
157.328,-137.135,120
157.49,-135.142,120
157.649,-133.148,120
157.806,-131.154,120
157.96,-129.16,120
158.111,-127.166,120
158.261,-125.171,120
158.407,-123.177,120
158.551,-121.182,120
158.693,-119.187,120
158.831,-117.192,120
158.968,-115.197,120
159.102,-113.201,120
159.233,-111.205,120
159.362,-109.21,120
159.489,-107.214,120
159.612,-105.217,120
159.734,-103.221,120
159.853,-101.225,120
159.969,-99.228,120
160.083,-97.231,120
160.194,-95.234,120
160.303,-93.237,120
160.41,-91.24,120
160.514,-89.243,120
160.616,-87.245,120
160.715,-85.248,120
160.813,-83.25,120
160.907,-81.253,120
161,-79.255,120
161.09,-77.257,120
161.179,-75.259,120
161.265,-73.261,120
161.349,-71.262,120
161.431,-69.264,120
161.511,-67.266,120
161.589,-65.267,120
161.665,-63.269,120
161.74,-61.27,120
161.813,-59.271,120
161.884,-57.273,120
161.954,-55.274,120
162.023,-53.275,120
162.09,-51.276,120
162.156,-49.277,120
162.221,-47.278,120
162.286,-45.279,120
162.349,-43.28,120
162.413,-41.281,120
162.475,-39.282,120
162.538,-37.283,120
162.601,-35.284,120
162.664,-33.285,120
162.727,-31.286,120
162.792,-29.287,120
162.857,-27.288,120
162.924,-25.289,120
162.993,-23.291,120
163.064,-21.292,120
163.137,-19.293,120
163.213,-17.295,120
163.293,-15.296,120
163.376,-13.298,120
163.464,-11.3,120,0
162.047,-10.551,120
160.067,-10.268,120
158.087,-9.984,120
156.108,-9.7,120
154.128,-9.416,120
152.148,-9.131,120
150.169,-8.845,120
148.189,-8.559,120
146.21,-8.271,120
144.231,-7.982,120
142.252,-7.692,120
140.274,-7.398,120
138.296,-7.1,120
136.32,-6.794,120
134.349,-6.456,120
132.542,-5.936,120
130.57,-5.599,120
128.596,-5.28,120
126.619,-4.98,120,0
124.624,-4.847,120
122.627,-4.934,120
120.65,-5.228,120
118.71,-5.712,120
116.821,-6.366,120
114.986,-7.161,120
113.209,-8.078,120
111.486,-9.093,120
109.815,-10.191,120
108.19,-11.357,120
106.607,-12.58,120
105.062,-13.85,120
103.55,-15.159,120
102.067,-16.5,120
100.609,-17.87,120
99.173,-19.262,120
97.756,-20.673,120
96.355,-22.1,120
94.968,-23.541,120
93.592,-24.992,120
92.225,-26.453,120
90.866,-27.92,120
89.512,-29.392,120
88.163,-30.868,120
86.816,-32.347,120
85.47,-33.826,120
84.125,-35.306,120
82.778,-36.784,120
81.429,-38.261,120
80.077,-39.734,120
78.72,-41.204,120
77.358,-42.669,120
75.99,-44.128,120
74.615,-45.58,120
73.233,-47.025,120
71.842,-48.462,120
70.441,-49.89,120
69.022,-51.299,120,0
67.494,-52.59,120
65.958,-53.87,120
64.412,-55.139,120
62.856,-56.395,120
61.287,-57.635,120
59.705,-58.859,120
58.106,-60.061,120
56.49,-61.238,120
54.852,-62.387,120
53.19,-63.499,120
51.501,-64.569,120
49.778,-65.586,120
48.022,-66.541,120
46.23,-67.431,120
44.41,-68.259,120
42.573,-69.05,120
40.737,-69.843,120
38.919,-70.676,120
37.13,-71.57,120
35.376,-72.53,120
33.656,-73.55,120
31.966,-74.621,120
30.305,-75.734,120
28.667,-76.882,120
27.05,-78.059,120
25.451,-79.26,120
23.867,-80.481,120
23.036,-81.134,120,0
23.036,-81.134,0,0
#PATH.JERRYIO-DATA {"appVersion":"0.8.3","format":"path.jerryio v0.1","gc":{"robotWidth":30,"robotHeight":30,"robotIsHolonomic":false,"showRobot":false,"uol":1,"pointDensity":2,"controlMagnetDistance":5,"fieldImage":{"displayName":"V5RC 2025 - High Stakes","signature":"V5RC 2025 - High Stakes","origin":{"__type":"built-in"}},"coordinateSystem":"VEX Gaming Positioning System"},"paths":[{"segments":[{"controls":[{"uid":"np2YkleX0z","x":140.12991819244252,"y":-79.63615114920138,"lock":false,"visible":true,"heading":0,"__type":"end-point"},{"uid":"VhqpiPP0Mc","x":62.26665368134007,"y":-98.80249318270351,"lock":false,"visible":true,"__type":"control"},{"uid":"ZLpgrAHa8p","x":88.02142578885856,"y":-74.2456174522789,"lock":false,"visible":true,"__type":"control"},{"uid":"w95coD0XpR","x":10.757109466303064,"y":-110.18250876509542,"lock":false,"visible":true,"heading":0,"__type":"end-point"}],"speedProfiles":[],"lookaheadKeyframes":[],"uid":"t37Sykuoj0"},{"controls":[{"uid":"w95coD0XpR","x":10.757109466303064,"y":-110.18250876509542,"lock":false,"visible":true,"heading":0,"__type":"end-point"},{"uid":"51CniaXBo5","x":29.324503311258262,"y":-113.77619789637707,"lock":false,"visible":true,"__type":"control"},{"uid":"b89r9DLoOD","x":27.527658745617437,"y":-120.96357615894037,"lock":false,"visible":true,"__type":"control"},{"uid":"NWtTxy7R3d","x":50.88663809894817,"y":-119.76567978184649,"lock":false,"visible":true,"heading":0,"__type":"end-point"}],"speedProfiles":[],"lookaheadKeyframes":[],"uid":"hRo24KO1YN"},{"controls":[{"uid":"NWtTxy7R3d","x":50.88663809894817,"y":-119.76567978184649,"lock":false,"visible":true,"heading":0,"__type":"end-point"},{"uid":"RpHyzV3bWG","x":74.2456174522789,"y":-118.5677834047526,"lock":false,"visible":true,"__type":"control"},{"uid":"qCJILAbnuL","x":97.60459680560963,"y":-145.52045188936498,"lock":false,"visible":true,"__type":"control"},{"uid":"InlmAtjijL","x":155.702571094663,"y":-155.702571094663,"lock":false,"visible":true,"heading":0,"__type":"end-point"}],"speedProfiles":[],"lookaheadKeyframes":[],"uid":"cyrBNIqOwC"},{"controls":[{"uid":"InlmAtjijL","x":155.702571094663,"y":-155.702571094663,"lock":false,"visible":true,"heading":0,"__type":"end-point"},{"uid":"HtUYNO1stU","x":161.9915270744059,"y":-88.32089988313204,"lock":false,"visible":true,"__type":"control"},{"uid":"0KdJh7ECO5","x":161.9915270744059,"y":-43.3997857421114,"lock":false,"visible":true,"__type":"control"},{"uid":"ywicm1M108","x":163.48889754577326,"y":-10.757109466303064,"lock":false,"visible":true,"heading":0,"__type":"end-point"}],"speedProfiles":[],"lookaheadKeyframes":[],"uid":"sDYU5EC3XG"},{"controls":[{"uid":"ywicm1M108","x":163.48889754577326,"y":-10.757109466303064,"lock":false,"visible":true,"heading":0,"__type":"end-point"},{"uid":"UEywhayd56","x":115.27356836774442,"y":-3.8692052980132323,"lock":false,"visible":true,"__type":"control"},{"uid":"UT07eOoM5M","x":145.37071484222827,"y":-7.91210557070509,"lock":false,"visible":true,"__type":"control"},{"uid":"HAV92xIkda","x":127.25253213868326,"y":-5.067101675107116,"lock":false,"visible":true,"heading":0,"__type":"end-point"}],"speedProfiles":[],"lookaheadKeyframes":[],"uid":"93QaQNEuWe"},{"controls":[{"uid":"HAV92xIkda","x":127.25253213868326,"y":-5.067101675107116,"lock":false,"visible":true,"heading":0,"__type":"end-point"},{"uid":"8BBcfhtTYj","x":109.13434943513826,"y":-2.2220977795091423,"lock":false,"visible":true,"__type":"control"},{"uid":"HTtgk4CIg2","x":93.11248539150758,"y":-27.228184651343966,"lock":false,"visible":true,"__type":"control"},{"uid":"txGzthcuoG","x":69.1545578496299,"y":-51.18611219322164,"lock":false,"visible":true,"heading":0,"__type":"end-point"}],"speedProfiles":[],"lookaheadKeyframes":[],"uid":"OAnIpICyHX"},{"controls":[{"uid":"txGzthcuoG","x":69.1545578496299,"y":-51.18611219322164,"lock":false,"visible":true,"heading":0,"__type":"end-point"},{"uid":"YLBL0LAYc7","x":41.00399298792363,"y":-75.14403973509931,"lock":false,"visible":true,"__type":"control"},{"uid":"jtOTXCowTm","x":45.795578496299164,"y":-63.16507596416048,"lock":false,"visible":true,"__type":"control"},{"uid":"bt4Ea535Hx","x":23.03554733151537,"y":-81.13352162056873,"lock":false,"visible":true,"heading":0,"__type":"end-point"}],"speedProfiles":[],"lookaheadKeyframes":[],"uid":"Er7pjHtcU1"}],"pc":{"speedLimit":{"minLimit":{"value":0,"label":"0"},"maxLimit":{"value":600,"label":"600"},"step":1,"from":40,"to":120},"bentRateApplicableRange":{"minLimit":{"value":0,"label":"0"},"maxLimit":{"value":1,"label":"1"},"step":0.001,"from":0,"to":0.1}},"name":"Path","uid":"ejBtUNca9J","lock":false,"visible":true}]}