#PATH-POINTS-START Path
142.11,80.263,120,0
140.167,80.737,120
138.224,81.211,120
136.281,81.684,120
134.338,82.158,120
132.395,82.632,120
130.452,83.106,120
128.509,83.58,120
126.566,84.054,120
124.623,84.528,120
122.68,85.002,120
120.737,85.476,120
118.794,85.95,120
116.851,86.423,120
114.908,86.897,120
112.965,87.371,120
111.022,87.845,120
109.078,88.319,120
107.135,88.793,120
105.192,89.267,120
103.249,89.741,120
101.306,90.216,120
99.364,90.69,120
97.421,91.164,120
95.478,91.638,120
93.535,92.113,120
91.592,92.587,120
89.649,93.062,120
87.706,93.537,120
85.763,94.012,120
83.821,94.487,120
81.878,94.963,120
79.936,95.439,120
77.993,95.916,120
76.051,96.394,120
74.109,96.873,120
72.168,97.354,120
70.227,97.837,120
68.288,98.326,120
66.351,98.824,120
64.417,99.334,120
62.486,99.852,120
60.554,100.37,120
58.621,100.883,120
56.687,101.393,120
54.752,101.899,120
52.816,102.403,120
50.88,102.905,120
48.944,103.406,120
47.008,103.906,120
45.071,104.404,120
43.133,104.901,120
41.196,105.398,120
39.259,105.894,120
37.321,106.389,120
35.383,106.884,120
33.445,107.378,120
31.507,107.872,120
29.569,108.366,120
27.631,108.859,120
25.692,109.351,120
23.754,109.844,120,0
21.815,110.336,120
22.409,108.698,120
23.25,106.883,120
24.117,105.081,120
25.016,103.295,120
25.95,101.526,120
26.923,99.779,120
27.941,98.057,120
29.005,96.364,120
30.116,94.701,120
31.271,93.068,120
32.464,91.463,120
33.686,89.88,120
34.926,88.311,120
36.173,86.747,120
37.418,85.182,120
38.654,83.61,120
39.878,82.028,120
41.085,80.433,120
42.276,78.826,120
43.449,77.206,120
44.604,75.574,120
45.743,73.93,120
46.866,72.275,120
47.976,70.612,120,0
49.134,68.981,120
50.396,67.43,120
51.837,66.047,120
53.618,65.197,120
55.332,66.035,120
56.23,67.812,120
56.756,69.74,120
57.112,71.708,120
57.37,73.691,120
57.568,75.681,120
57.725,77.675,120
57.854,79.671,120
57.965,81.668,120
58.065,83.665,120
58.159,85.663,120
58.252,87.661,120
58.348,89.659,120
58.45,91.656,120
58.564,93.653,120
58.693,95.649,120
58.842,97.643,120
59.016,99.636,120
59.221,101.625,120
59.465,103.61,120
59.756,105.589,120
59.688,107.564,120,0
59.498,109.554,120
59.506,111.553,120
59.777,113.532,120
60.407,115.426,120
61.464,117.117,120
62.928,118.471,120
64.674,119.439,120
66.568,120.074,120
68.531,120.454,120
70.52,120.649,120
72.519,120.707,120
74.518,120.662,120
76.515,120.538,120
78.506,120.355,120
80.492,120.123,120
82.474,119.852,120
84.451,119.552,120
86.425,119.227,120
88.395,118.883,120
90.362,118.523,120
92.328,118.152,120
94.291,117.773,120
96.254,117.387,120
98.215,116.997,120
100.177,116.605,120
102.138,116.212,120
104.099,115.821,120
106.061,115.433,120
108.024,115.048,120
109.987,114.669,120
111.952,114.297,120
113.919,113.932,120
115.887,113.576,120
117.857,113.229,120
119.828,112.893,120
121.802,112.57,120
123.777,112.258,120
125.755,111.961,120
127.735,111.677,120
129.717,111.41,120
131.701,111.16,120
133.688,110.925,120
135.676,110.711,120
137.666,110.514,120
139.659,110.339,120
141.653,110.185,120
143.648,110.051,120
145.645,109.943,120
147.643,109.858,120
149.64,109.8,120,0
150.3,111.688,120
150.954,113.578,120
151.6,115.471,120
152.236,117.367,120
152.862,119.267,120
153.476,121.17,120
154.075,123.078,120
154.656,124.992,120
155.217,126.912,120
155.753,128.839,120
156.258,130.774,120
156.728,132.718,120
157.155,134.672,120
157.534,136.635,120
157.864,138.608,120
158.15,140.587,120
158.405,142.571,120
158.647,144.556,120
158.891,146.541,120
159.15,148.524,120
159.428,150.505,120
159.729,152.482,120
160.052,154.456,120
160.396,156.426,120
160.76,158.393,120
161.141,160.356,120,0
161.458,162.33,120
161.116,164.229,120
159.329,163.649,120
157.847,162.309,120
156.484,160.845,120
155.181,159.329,120
153.915,157.781,120
152.675,156.211,120
151.454,154.627,120
150.248,153.032,120
149.054,151.427,120
147.869,149.816,120
146.692,148.199,120
145.521,146.578,120
144.356,144.952,120
143.196,143.323,120
142.039,141.692,120
140.886,140.058,120
139.735,138.422,120
138.588,136.784,120
137.442,135.144,120
136.298,133.504,120
135.155,131.862,120
134.014,130.22,120
132.874,128.577,120
131.735,126.933,120
130.596,125.289,120
129.458,123.644,120
128.32,121.999,120
127.183,120.354,120
126.045,118.709,120
124.908,117.064,120
123.77,115.419,120
122.632,113.774,120
121.494,112.13,120
120.355,110.486,120
119.216,108.842,120
118.077,107.198,120
116.936,105.555,120
115.795,103.913,120
114.653,102.271,120
113.511,100.629,120
112.367,98.988,120
111.222,97.348,120
110.076,95.709,120
108.93,94.071,120
107.782,92.433,120
106.632,90.796,120
105.481,89.16,120
104.329,87.526,120
103.176,85.892,120
102.021,84.259,120
100.865,82.627,120
99.707,80.996,120
98.547,79.367,120
97.386,77.738,120
96.223,76.111,120
95.058,74.486,120
93.892,72.861,120
92.723,71.238,120
91.552,69.616,120
90.38,67.996,120
89.205,66.377,120
88.029,64.76,120
86.849,63.145,120
85.668,61.531,120
84.485,59.918,120
83.299,58.308,120
82.111,56.699,120
80.92,55.092,120
79.727,53.487,120
78.531,51.884,120
77.333,50.283,120
76.132,48.683,120
74.928,47.086,120
73.721,45.492,120
72.511,43.899,120
71.299,42.309,120
70.082,40.721,120
68.863,39.135,120
67.641,37.552,120
66.416,35.971,120
65.186,34.394,120
63.954,32.819,120
62.718,31.247,120
61.479,29.677,120
60.234,28.111,120
58.987,26.548,120
57.736,24.987,120
56.481,23.43,120
54.667,21.195,120,0
54.667,21.195,0,0
#PATH.JERRYIO-DATA {"appVersion":"0.8.3","format":"path.jerryio v0.1","gc":{"robotWidth":30,"robotHeight":30,"robotIsHolonomic":false,"showRobot":false,"uol":1,"pointDensity":2,"controlMagnetDistance":5,"fieldImage":{"displayName":"V5RC 2025 - High Stakes","signature":"V5RC 2025 - High Stakes","origin":{"__type":"built-in"}},"coordinateSystem":"VEX Gaming Positioning System"},"paths":[{"segments":[{"controls":[{"uid":"bTmeVjXFyx","x":142.1101694915254,"y":80.26271186440678,"lock":false,"visible":true,"heading":0,"__type":"end-point"},{"uid":"7h8f0VQpHF","x":23.39548022598868,"y":109.21751412429379,"lock":false,"visible":true,"__type":"control"},{"uid":"or0mf1P9Co","x":99.25706214689264,"y":90.6864406779661,"lock":false,"visible":true,"__type":"control"},{"uid":"pLliYYbC9m","x":21.658192090395463,"y":110.37570621468927,"lock":false,"visible":true,"heading":0,"__type":"end-point"}],"speedProfiles":[],"lookaheadKeyframes":[],"uid":"bRL0klwQrl"},{"controls":[{"uid":"pLliYYbC9m","x":21.658192090395463,"y":110.37570621468927,"lock":false,"visible":true,"heading":0,"__type":"end-point"},{"uid":"r3qbzqfg0S","x":30.344632768361567,"y":90.6864406779661,"lock":false,"visible":true,"__type":"control"},{"uid":"V6X04Tlwza","x":34.687853107344615,"y":90.68644067796612,"lock":false,"visible":true,"__type":"control"},{"uid":"TPUPtNjjuv","x":47.717514124293764,"y":70.99717514124295,"lock":false,"visible":true,"heading":0,"__type":"end-point"}],"speedProfiles":[],"lookaheadKeyframes":[],"uid":"TsWlV6zyTR"},{"controls":[{"uid":"TPUPtNjjuv","x":47.717514124293764,"y":70.99717514124295,"lock":false,"visible":true,"heading":0,"__type":"end-point"},{"uid":"A53Qa6QDCQ","x":60.74717514124291,"y":51.30790960451978,"lock":false,"visible":true,"__type":"control"},{"uid":"ZXt4mDatm0","x":56.403954802259875,"y":86.34322033898306,"lock":false,"visible":true,"__type":"control"},{"uid":"F36KWmWsuX","x":59.87853107344631,"y":106.32203389830508,"lock":false,"visible":true,"heading":0,"__type":"end-point"}],"speedProfiles":[],"lookaheadKeyframes":[],"uid":"XQLhSxWt2o"},{"controls":[{"uid":"F36KWmWsuX","x":59.87853107344631,"y":106.32203389830508,"lock":false,"visible":true,"heading":0,"__type":"end-point"},{"uid":"1I3BwoJAsm","x":54.66666666666665,"y":135.85593220338984,"lock":false,"visible":true,"__type":"control"},{"uid":"7E7WbYFR1n","x":100.41525423728811,"y":110.954802259887,"lock":false,"visible":true,"__type":"control"},{"uid":"qjy0tJQeXB","x":149.63841807909603,"y":109.79661016949153,"lock":false,"visible":true,"heading":0,"__type":"end-point"}],"speedProfiles":[],"lookaheadKeyframes":[],"uid":"MiDmypfDR3"},{"controls":[{"uid":"qjy0tJQeXB","x":149.63841807909603,"y":109.79661016949153,"lock":false,"visible":true,"heading":0,"__type":"end-point"},{"uid":"g8buTbwvMH","x":160.64124293785306,"y":141.0677966101695,"lock":false,"visible":true,"__type":"control"},{"uid":"t4qk47FX4b","x":156.5875706214689,"y":137.59322033898306,"lock":false,"visible":true,"__type":"control"},{"uid":"9Mj0PU1bgW","x":161.22033898305082,"y":160.75706214689265,"lock":false,"visible":true,"heading":0,"__type":"end-point"}],"speedProfiles":[],"lookaheadKeyframes":[],"uid":"m2k4NbS7zP"},{"controls":[{"uid":"9Mj0PU1bgW","x":161.22033898305082,"y":160.75706214689265,"lock":false,"visible":true,"heading":0,"__type":"end-point"},{"uid":"1yXRMb9wIl","x":165.85310734463275,"y":183.92090395480224,"lock":false,"visible":true,"__type":"control"},{"uid":"vNApuW5cyM","x":110.83898305084746,"y":90.10734463276833,"lock":false,"visible":true,"__type":"control"},{"uid":"d6dMg01YVm","x":54.66666666666665,"y":21.194915254237298,"lock":false,"visible":true,"heading":0,"__type":"end-point"}],"speedProfiles":[],"lookaheadKeyframes":[],"uid":"8z7k66V8Q3"}],"pc":{"speedLimit":{"minLimit":{"value":0,"label":"0"},"maxLimit":{"value":600,"label":"600"},"step":1,"from":40,"to":120},"bentRateApplicableRange":{"minLimit":{"value":0,"label":"0"},"maxLimit":{"value":1,"label":"1"},"step":0.001,"from":0,"to":0.1}},"name":"Path","uid":"180H4Ozzuw","lock":false,"visible":true}]}