#PATH-POINTS-START Path
141.328,-64.363,120,0
139.519,-65.215,120
137.703,-66.055,120
135.882,-66.881,120
134.055,-67.694,120
132.222,-68.495,120
130.384,-69.284,120
128.542,-70.062,120
126.694,-70.828,120
124.843,-71.585,120
122.988,-72.331,120
121.128,-73.068,120
119.266,-73.796,120
117.399,-74.516,120
115.53,-75.228,120
113.658,-75.932,120
111.784,-76.629,120
109.907,-77.32,120
108.028,-78.006,120
106.147,-78.685,120
104.265,-79.36,120
102.38,-80.031,120
100.495,-80.697,120
98.608,-81.36,120
96.72,-82.02,120
94.831,-82.677,120
92.941,-83.332,120
91.051,-83.985,120
89.16,-84.637,120
87.269,-85.287,120
85.377,-85.937,120
83.486,-86.587,120
81.594,-87.236,120
79.702,-87.886,120
77.811,-88.537,120
75.92,-89.188,120
74.03,-89.841,120
72.14,-90.495,120
70.25,-91.151,120
68.362,-91.809,120
66.474,-92.47,120
64.587,-93.132,120
62.701,-93.798,120
60.816,-94.466,120
58.932,-95.138,120
57.049,-95.812,120
55.168,-96.491,120
53.288,-97.173,120
51.409,-97.858,120
49.532,-98.548,120
47.656,-99.242,120
45.781,-99.94,120
43.909,-100.642,120
42.038,-101.348,120
40.168,-102.059,120
38.301,-102.775,120
36.435,-103.496,120
34.571,-104.221,120
32.709,-104.951,120
30.849,-105.685,120
28.991,-106.425,120
27.135,-107.17,120
25.281,-107.921,120
23.429,-108.676,120
21.579,-109.436,120
19.731,-110.202,120
17.886,-110.972,120
16.043,-111.748,120
14.201,-112.529,120
12.362,-113.316,120
10.526,-114.107,120
8.692,-114.905,120
6.86,-115.707,120
5.03,-116.515,120
3.203,-117.328,120,0
2.205,-117.999,120
4.2,-118.14,120
6.195,-118.28,120
8.19,-118.421,120
10.185,-118.561,120
12.18,-118.702,120
14.175,-118.842,120
16.17,-118.983,120
18.165,-119.123,120
20.16,-119.264,120
22.155,-119.404,120
24.151,-119.545,120
26.146,-119.685,120
28.141,-119.826,120
30.136,-119.966,120
32.131,-120.107,120
34.126,-120.247,120
36.121,-120.388,120
38.116,-120.528,120
40.111,-120.669,120
42.106,-120.809,120
44.101,-120.95,120,0
45.65,-119.772,120
47.15,-118.449,120
48.65,-117.126,120
50.15,-115.803,120
51.651,-114.48,120
53.151,-113.158,120
54.651,-111.835,120
56.151,-110.512,120
57.651,-109.189,120
59.151,-107.867,120
60.651,-106.544,120
62.151,-105.221,120
63.651,-103.898,120
65.152,-102.576,120
66.652,-101.253,120
68.152,-99.93,120
69.652,-98.607,120
71.152,-97.285,120
72.652,-95.962,120
74.152,-94.639,120
75.652,-93.316,120
77.152,-91.994,120
78.652,-90.671,120
80.153,-89.348,120
81.653,-88.025,120
83.153,-86.703,120
84.653,-85.38,120
86.153,-84.057,120
87.653,-82.734,120
89.153,-81.412,120
90.653,-80.089,120
92.153,-78.766,120
93.654,-77.443,120
95.154,-76.121,120
96.654,-74.798,120
98.154,-73.475,120
99.654,-72.152,120
101.154,-70.83,120
102.654,-69.507,120
104.154,-68.184,120
105.654,-66.861,120
107.154,-65.539,120
108.655,-64.216,120
110.155,-62.893,120
111.655,-61.57,120
113.155,-60.248,120
114.655,-58.925,120
116.155,-57.602,120
117.655,-56.279,120
119.155,-54.957,120
120.655,-53.634,120
122.156,-52.311,120
123.656,-50.988,120
125.156,-49.666,120
126.656,-48.343,120
128.156,-47.02,120
129.656,-45.697,120
131.156,-44.375,120
132.656,-43.052,120
134.156,-41.729,120
135.657,-40.406,120
137.157,-39.083,120
138.657,-37.761,120
140.157,-36.438,120
141.657,-35.115,120
143.157,-33.792,120
144.657,-32.47,120
146.157,-31.147,120
147.657,-29.824,120
149.157,-28.501,120
150.658,-27.179,120
152.158,-25.856,120
153.658,-24.533,120
155.158,-23.21,120
156.658,-21.888,120
158.158,-20.565,120
159.658,-19.242,120
161.158,-17.919,120
162.658,-16.597,120
164.159,-15.274,120
165.659,-13.951,120,0
164.191,-13.617,120
162.198,-13.458,120
160.204,-13.299,120
158.21,-13.14,120
156.217,-12.981,120
154.223,-12.822,120
152.229,-12.663,120
150.236,-12.504,120
148.242,-12.346,120
146.248,-12.187,120
144.255,-12.028,120
142.261,-11.869,120
140.267,-11.71,120
138.274,-11.551,120
136.28,-11.392,120
134.286,-11.233,120
132.293,-11.074,120
130.299,-10.915,120
128.305,-10.756,120
126.312,-10.597,120
124.354,-10.586,120,0
122.701,-11.711,120
121.085,-12.889,120
119.489,-14.095,120
117.905,-15.316,120
116.33,-16.548,120
114.759,-17.786,120
113.192,-19.029,120
111.627,-20.274,120
110.064,-21.522,120
108.502,-22.77,120
106.939,-24.019,120
105.377,-25.268,120
103.814,-26.516,120
102.251,-27.763,120
100.686,-29.009,120
99.121,-30.254,120
97.554,-31.497,120
95.986,-32.738,120
94.416,-33.977,120
92.844,-35.214,120
91.271,-36.449,120
89.696,-37.681,120
88.118,-38.911,120
86.539,-40.138,120
84.958,-41.363,120
83.374,-42.584,120
81.789,-43.803,120
80.201,-45.019,120
78.61,-46.232,120
77.018,-47.442,120
75.423,-48.648,120
73.825,-49.852,120
72.225,-51.052,120
70.623,-52.249,120
69.018,-53.442,120
67.41,-54.632,120
65.8,-55.818,120
64.187,-57.001,120
62.572,-58.18,120
60.962,-59.179,120,0
59.456,-57.863,120
57.952,-56.544,120
56.451,-55.222,120
54.954,-53.896,120
53.461,-52.565,120
51.974,-51.227,120
50.496,-49.881,120
49.029,-48.521,120
47.581,-47.141,120
46.172,-45.722,120
44.873,-44.203,120
43.706,-42.58,120
42.357,-41.104,120
40.933,-39.7,120
39.479,-38.327,120
38.008,-36.972,120
36.512,-35.613,120,0
36.512,-35.613,0,0
#PATH.JERRYIO-DATA {"appVersion":"0.8.2","format":"path.jerryio v0.1","gc":{"robotWidth":30,"robotHeight":30,"robotIsHolonomic":false,"showRobot":false,"uol":1,"pointDensity":2,"controlMagnetDistance":5,"fieldImage":{"displayName":"V5RC 2025 - High Stakes","signature":"V5RC 2025 - High Stakes","origin":{"__type":"built-in"}},"coordinateSystem":"VEX Gaming Positioning System"},"paths":[{"segments":[{"controls":[{"uid":"Ke3sgTeDvm","x":141.3278145695364,"y":-64.36297234125436,"lock":false,"visible":true,"heading":0,"__type":"end-point"},{"uid":"lJru9nEesS","x":103.59407869107905,"y":-82.33141799766261,"lock":false,"visible":true,"__type":"control"},{"uid":"I5cXBAXWgV","x":61.06875730424618,"y":-91.31564082586675,"lock":false,"visible":true,"__type":"control"},{"uid":"6MvNViHyzs","x":1.7728866380989357,"y":-117.96883521620566,"lock":false,"visible":true,"heading":0,"__type":"end-point"}],"speedProfiles":[],"lookaheadKeyframes":[],"uid":"1mllZ6NP6Y"},{"controls":[{"uid":"6MvNViHyzs","x":1.7728866380989357,"y":-117.96883521620566,"lock":false,"visible":true,"heading":0,"__type":"end-point"},{"uid":"SNTbK6539L","x":44.29820802493181,"y":-120.96357615894037,"lock":false,"visible":true,"heading":0,"__type":"end-point"}],"speedProfiles":[],"lookaheadKeyframes":[],"uid":"MiFdHgTAfF"},{"controls":[{"uid":"SNTbK6539L","x":44.29820802493181,"y":-120.96357615894037,"lock":false,"visible":true,"heading":0,"__type":"end-point"},{"uid":"3Xo8BjOARe","x":165.88469029996102,"y":-13.751850409037774,"lock":false,"visible":true,"heading":0,"__type":"end-point"}],"speedProfiles":[],"lookaheadKeyframes":[],"uid":"1D3x4HDw6F"},{"controls":[{"uid":"3Xo8BjOARe","x":165.88469029996102,"y":-13.751850409037774,"lock":false,"visible":true,"heading":0,"__type":"end-point"},{"uid":"qMtk5WFAqs","x":124.55726529022202,"y":-10.457635372029593,"lock":false,"visible":true,"heading":0,"__type":"end-point"}],"speedProfiles":[],"lookaheadKeyframes":[],"uid":"5nviZQMxQp"},{"controls":[{"uid":"qMtk5WFAqs","x":124.55726529022202,"y":-10.457635372029593,"lock":false,"visible":true,"heading":0,"__type":"end-point"},{"uid":"jcQgcP1kpD","x":117.3698870276587,"y":-14.949746786131655,"lock":false,"visible":true,"__type":"control"},{"uid":"LaWKHg5f2F","x":93.71143358005453,"y":-35.613459291001156,"lock":false,"visible":true,"__type":"control"},{"uid":"GI9CNZlSup","x":61.06875730424618,"y":-59.27191273860536,"lock":false,"visible":true,"heading":0,"__type":"end-point"}],"speedProfiles":[],"lookaheadKeyframes":[],"uid":"rcQl7oNA8Z"},{"controls":[{"uid":"GI9CNZlSup","x":61.06875730424618,"y":-59.27191273860536,"lock":false,"visible":true,"heading":0,"__type":"end-point"},{"uid":"PEP909mBaB","x":35.31398519672768,"y":-36.81135566809503,"lock":false,"visible":true,"__type":"control"},{"uid":"h6IbMhiIi4","x":51.78506038176858,"y":-49.389267627580814,"lock":false,"visible":true,"__type":"control"},{"uid":"6Jcnk3Sofx","x":36.51188157382156,"y":-35.61345929100115,"lock":false,"visible":true,"heading":0,"__type":"end-point"}],"speedProfiles":[],"lookaheadKeyframes":[],"uid":"dmUkcvJJ7I"}],"pc":{"speedLimit":{"minLimit":{"value":0,"label":"0"},"maxLimit":{"value":600,"label":"600"},"step":1,"from":40,"to":120},"bentRateApplicableRange":{"minLimit":{"value":0,"label":"0"},"maxLimit":{"value":1,"label":"1"},"step":0.001,"from":0,"to":0.1}},"name":"Path","uid":"Vl5PgbD6Ty","lock":false,"visible":true}]}