#PATH-POINTS-START Path
-164.735,-2.372,120,0
-163.603,-0.723,120
-162.469,0.924,120
-161.33,2.568,120
-160.188,4.21,120
-159.041,5.849,120
-157.892,7.486,120
-156.739,9.12,120
-155.582,10.751,120
-154.422,12.381,120
-153.259,14.008,120
-152.092,15.632,120
-150.923,17.255,120
-149.752,18.876,120
-148.578,20.495,120
-147.402,22.113,120
-146.224,23.729,120
-145.044,25.344,120
-143.864,26.959,120
-142.682,28.572,120
-141.5,30.185,120
-140.317,31.798,120
-139.135,33.411,120
-137.953,35.025,120
-136.771,36.638,120
-135.59,38.252,120
-134.41,39.867,120
-133.232,41.483,120
-132.055,43.1,120
-130.879,44.718,120
-129.705,46.338,120
-128.534,47.958,120
-127.364,49.581,120
-126.196,51.205,120
-125.031,52.83,120
-123.868,54.457,120
-122.707,56.086,120
-121.549,57.716,120
-120.415,59.354,120,0
-120.539,61.35,120
-120.658,63.347,120
-120.77,65.344,120
-120.877,67.341,120
-120.976,69.338,120
-121.066,71.336,120
-121.147,73.335,120
-121.217,75.333,120
-121.276,77.333,120
-121.32,79.332,120
-121.347,81.332,120
-121.356,83.332,120
-121.344,85.332,120
-121.308,87.331,120
-121.247,89.331,120
-121.161,91.329,120
-121.053,93.326,120
-120.932,95.322,120
-120.805,97.318,120
-120.685,99.314,120
-120.579,101.312,120
-120.491,103.31,120
-120.423,105.309,120
-120.375,107.308,120
-120.345,109.308,120
-120.333,111.308,120
-120.335,113.308,120
-120.35,115.308,120
-120.377,117.307,120
-120.414,119.307,120,0
-120.456,121.307,120
-120.498,123.306,120
-120.54,125.306,120
-120.581,127.305,120
-120.621,129.305,120
-120.661,131.305,120
-120.7,133.304,120
-120.737,135.304,120
-120.773,137.303,120
-120.805,139.303,120
-120.831,141.303,120
-120.853,143.303,120
-120.877,145.303,120
-120.904,147.303,120
-120.935,149.302,120
-120.967,151.302,120
-121,153.302,120
-122.302,154.344,120,0
-124.217,154.92,120
-126.134,155.491,120
-128.052,156.057,120
-129.972,156.618,120
-131.894,157.17,120
-133.818,157.715,120
-135.746,158.25,120
-137.675,158.776,120
-139.606,159.296,120
-141.538,159.813,120
-143.47,160.332,120
-145.4,160.855,120
-147.329,161.384,120
-149.256,161.919,120
-151.181,162.46,120
-153.105,163.006,120
-155.028,163.557,120
-156.95,164.112,120
-158.87,164.67,120
-160.79,165.231,120,0
-161.787,163.833,120
-162.545,161.982,120
-163.26,160.114,120
-163.933,158.231,120
-164.563,156.333,120
-165.15,154.421,120
-165.692,152.496,120
-166.19,150.559,120
-166.644,148.611,120
-167.051,146.653,120
-167.409,144.685,120
-167.721,142.71,120
-167.989,140.728,120
-168.212,138.741,120
-168.391,136.749,120
-168.526,134.753,120
-168.614,132.755,120
-168.661,130.756,120
-168.668,128.756,120
-168.636,126.756,120
-168.566,124.758,120
-168.46,122.76,120
-168.315,120.766,120
-168.136,118.774,120
-167.926,116.785,120
-167.684,114.8,120
-167.414,112.818,120
-167.115,110.84,120
-166.79,108.867,120
-166.44,106.898,120
-166.066,104.933,120
-165.669,102.973,120
-165.251,101.017,120
-164.813,99.066,120
-164.358,97.118,120
-163.885,95.175,120
-163.396,93.236,120
-162.892,91.3,120
-162.374,89.369,120
-161.843,87.44,120
-161.301,85.515,120
-160.748,83.593,120
-160.184,81.674,120
-159.611,79.758,120
-159.03,77.844,120
-158.442,75.933,120
-157.846,74.024,120
-157.244,72.116,120
-156.637,70.211,120
-156.025,68.307,120
-155.408,66.404,120
-154.788,64.503,120
-154.164,62.603,120
-153.538,60.703,120
-152.91,58.804,120
-152.28,56.906,120
-151.649,55.008,120
-151.018,53.111,120
-150.386,51.213,120
-149.754,49.316,120
-149.122,47.418,120
-148.492,45.52,120
-147.862,43.622,120
-147.234,41.723,120
-146.607,39.823,120
-145.984,37.923,120
-145.362,36.022,120
-144.743,34.12,120
-144.127,32.218,120
-143.514,30.314,120
-142.905,28.409,120
-142.299,26.503,120
-141.697,24.596,120
-141.099,22.687,120
-140.506,20.777,120
-139.917,18.866,120
-139.333,16.953,120
-138.753,15.039,120
-138.179,13.123,120
-137.61,11.206,120
-137.047,9.287,120
-136.488,7.366,120
-135.935,5.444,120
-135.389,3.52,120
-134.848,1.595,120
-134.312,-0.332,120
-133.784,-2.261,120
-133.261,-4.192,120
-132.744,-6.124,120
-132.235,-8.058,120
-131.732,-9.993,120
-131.235,-11.931,120
-130.744,-13.87,120
-130.262,-15.811,120
-129.785,-17.753,120
-129.315,-19.697,120
-128.854,-21.643,120
-128.398,-23.59,120
-127.949,-25.539,120
-127.509,-27.49,120
-127.074,-29.442,120
-126.647,-31.396,120
-126.229,-33.352,120
-125.815,-35.309,120
-125.411,-37.268,120
-125.014,-39.228,120
-124.623,-41.189,120
-124.242,-43.152,120
-123.866,-45.117,120
-123.499,-47.083,120
-123.14,-49.05,120,0
-122.797,-51.02,120
-122.63,-53.013,120
-122.463,-55.006,120
-122.299,-56.999,120
-122.137,-58.993,120
-121.977,-60.986,120
-121.819,-62.98,120
-121.665,-64.974,120
-121.514,-66.968,120
-121.367,-68.963,120
-121.225,-70.958,120
-121.089,-72.953,120
-120.96,-74.949,120
-120.839,-76.946,120
-120.728,-78.942,120
-120.629,-80.94,120
-120.544,-82.938,120
-120.475,-84.937,120
-120.422,-86.936,120
-120.384,-88.936,120
-120.357,-90.936,120
-120.338,-92.936,120
-120.321,-94.936,120
-120.302,-96.935,120
-120.28,-98.935,120
-120.253,-100.935,120
-120.22,-102.935,120
-120.181,-104.935,120
-120.137,-106.934,120
-120.088,-108.933,120
-120.034,-110.933,120
-119.976,-112.932,120
-119.914,-114.931,120
-119.849,-116.93,120
-119.781,-118.929,120,0
-119.714,-120.928,120
-119.65,-122.927,120
-119.589,-124.926,120
-119.531,-126.925,120
-119.479,-128.924,120
-119.433,-130.924,120
-119.397,-132.923,120
-119.373,-134.923,120
-119.37,-136.923,120
-119.405,-138.923,120
-119.535,-140.918,120
-119.991,-142.86,120
-120.474,-144.798,120
-120.735,-146.781,120
-120.909,-148.773,120
-121.467,-150.354,120,0
-123.458,-150.542,120
-125.449,-150.735,120
-127.439,-150.934,120
-129.428,-151.139,120
-131.417,-151.353,120
-133.404,-151.577,120
-135.39,-151.813,120
-137.375,-152.064,120
-139.356,-152.333,120
-141.335,-152.627,120
-143.308,-152.951,120
-145.275,-153.312,120
-147.234,-153.715,120
-149.184,-154.158,120
-151.129,-154.626,120
-153.073,-155.096,120
-155.02,-155.551,120
-156.973,-155.984,120
-158.931,-156.393,120
-160.893,-156.781,120
-162.858,-157.15,120
-164.827,-157.503,120
-166.798,-157.843,120
-167.909,-157.94,120,0
-166.038,-157.235,120
-164.165,-156.531,120
-162.292,-155.83,120
-160.419,-155.13,120
-158.544,-154.433,120
-156.669,-153.737,120
-154.794,-153.043,120
-152.917,-152.35,120
-151.04,-151.659,120
-149.163,-150.97,120
-147.285,-150.283,120
-145.406,-149.596,120
-143.527,-148.911,120
-141.648,-148.227,120
-139.768,-147.544,120
-137.888,-146.862,120
-136.008,-146.181,120
-134.127,-145.5,120
-132.246,-144.821,120
-130.365,-144.142,120
-128.483,-143.463,120
-126.602,-142.785,120
-124.72,-142.107,120
-122.839,-141.429,120
-120.957,-140.751,120
-119.075,-140.074,120
-117.193,-139.397,120
-115.312,-138.719,120
-113.43,-138.042,120
-111.548,-137.365,120
-109.666,-136.687,120
-107.784,-136.01,120
-105.903,-135.332,120
-104.021,-134.654,120
-102.14,-133.976,120
-100.258,-133.297,120
-98.377,-132.619,120
-96.496,-131.94,120
-94.614,-131.261,120
-92.733,-130.581,120
-90.852,-129.902,120
-88.972,-129.222,120
-87.091,-128.541,120
-85.21,-127.861,120
-83.33,-127.18,120
-81.449,-126.498,120
-79.569,-125.817,120
-77.689,-125.135,120
-75.809,-124.453,120
-73.929,-123.77,120
-72.049,-123.087,120
-70.169,-122.404,120,0
-68.268,-121.785,120
-66.355,-121.202,120
-64.442,-120.618,120
-62.53,-120.032,120
-60.618,-119.445,120
-58.706,-118.857,120
-56.795,-118.267,120
-54.885,-117.675,120
-52.975,-117.081,120
-51.066,-116.485,120
-49.158,-115.885,120
-47.251,-115.283,120
-45.345,-114.677,120
-43.441,-114.067,120
-41.537,-113.452,120
-39.635,-112.834,120
-37.735,-112.21,120
-35.837,-111.58,120
-33.94,-110.945,120
-32.046,-110.303,120
-30.154,-109.654,120
-28.265,-108.998,120
-26.379,-108.334,120
-24.495,-107.661,120
-22.615,-106.978,120
-20.739,-106.286,120
-18.867,-105.583,120
-16.998,-104.87,120
-15.134,-104.144,120
-13.275,-103.407,120
-11.422,-102.656,120
-9.573,-101.892,120
-7.731,-101.113,120
-5.895,-100.32,120
-4.066,-99.512,120
-2.244,-98.687,120
-0.428,-97.848,120
1.379,-96.991,120
3.178,-96.117,120
4.968,-95.226,120
6.75,-94.317,120
8.523,-93.391,120
10.286,-92.448,120
12.039,-91.486,120
13.783,-90.507,120
15.517,-89.51,120
17.241,-88.495,120
18.954,-87.464,120
20.657,-86.415,120
22.35,-85.35,120
24.032,-84.268,120
25.704,-83.171,120
27.367,-82.059,120
29.018,-80.93,120
30.66,-79.789,120
32.292,-78.632,120
33.915,-77.464,120
35.527,-76.281,120
37.132,-75.086,120
38.726,-73.879,120
40.313,-72.662,120
41.891,-71.433,120
43.461,-70.194,120
45.023,-68.945,120
46.577,-67.686,120
48.125,-66.419,120
49.665,-65.144,120
51.198,-63.859,120
52.725,-62.568,120
54.246,-61.269,120,0
55.776,-59.981,120
57.308,-58.695,120
58.84,-57.41,120
60.373,-56.124,120
61.905,-54.839,120
63.438,-53.554,120
64.97,-52.269,120
66.502,-50.984,120
68.034,-49.698,120
69.565,-48.411,120
71.096,-47.124,120
72.625,-45.835,120
74.153,-44.544,120
75.678,-43.25,120
77.2,-41.952,120
78.717,-40.649,120
80.227,-39.338,120
81.73,-38.018,120
83.219,-36.684,120
84.693,-35.332,120
86.146,-33.957,120
87.574,-32.557,120
88.975,-31.13,120
90.351,-29.678,120
91.706,-28.207,120
93.046,-26.722,120
94.377,-25.229,120
95.703,-23.732,120
97.027,-22.233,120
98.351,-20.734,120
99.676,-19.236,120
101.002,-17.739,120
102.331,-16.245,120
103.662,-14.752,120
104.996,-13.262,120
106.332,-11.773,120
107.67,-10.287,120,0
109.053,-8.843,120
110.336,-7.309,120
111.517,-5.696,120
112.598,-4.013,120
113.601,-2.284,120
114.526,-0.51,120
115.39,1.293,120
116.19,3.126,120
116.941,4.98,120
117.648,6.85,120
118.308,8.738,120
118.932,10.638,120
119.523,12.549,120
120.084,14.469,120
120.616,16.397,120
121.121,18.332,120
121.603,20.273,120
122.064,22.219,120
122.505,24.17,120
122.929,26.124,120
123.336,28.083,120
123.728,30.044,120
124.105,32.008,120
124.47,33.974,120
124.823,35.943,120
125.165,37.913,120
125.497,39.886,120
125.819,41.859,120
126.133,43.835,120
126.439,45.811,120
126.738,47.789,120
127.031,49.767,120
127.318,51.746,120
127.599,53.727,120
127.876,55.707,120
128.148,57.689,120
128.417,59.671,120
128.682,61.653,120
128.945,63.636,120
129.205,65.619,120
129.463,67.602,120
129.72,69.585,120
129.976,71.569,120
130.231,73.553,120
130.486,75.536,120
130.741,77.52,120
130.996,79.503,120
131.253,81.487,120
131.511,83.47,120
131.771,85.453,120
132.034,87.436,120
132.299,89.418,120
132.567,91.4,120
132.839,93.382,120
133.115,95.362,120
133.395,97.343,120
133.681,99.322,120
133.971,101.301,120
134.268,103.279,120
134.571,105.256,120
134.882,107.232,120
135.2,109.206,120
135.526,111.179,120
135.862,113.151,120
136.208,115.121,120
136.563,117.089,120
136.931,119.055,120
137.31,121.019,120
137.702,122.98,120
138.108,124.938,120
138.529,126.893,120
138.966,128.845,120
139.421,130.793,120
139.894,132.736,120
140.388,134.674,120
140.904,136.606,120
141.444,138.532,120
142.009,140.45,120
142.601,142.36,120
143.223,144.261,120
143.877,146.151,120
144.567,148.029,120
145.299,149.89,120
146.071,151.734,120
146.889,153.56,120
147.76,155.36,120
148.689,157.131,120
149.675,158.871,120
150.736,160.566,120
151.868,162.214,120
153.086,163.8,120,0
153.111,163.365,120
152.272,161.55,120
151.438,159.732,120
150.609,157.912,120
149.785,156.089,120
148.969,154.264,120
148.156,152.436,120
147.353,150.605,120
146.553,148.772,120
145.762,146.935,120
144.976,145.096,120
144.199,143.253,120
143.428,141.407,120
142.666,139.558,120
141.912,137.706,120
141.164,135.851,120
140.43,133.991,120
139.699,132.129,120
138.984,130.261,120
138.275,128.391,120
137.577,126.517,120
136.893,124.637,120
136.216,122.756,120
135.554,120.868,120
134.905,118.976,120
134.266,117.081,120
133.645,115.18,120
133.039,113.274,120
132.445,111.364,120
131.868,109.449,120
131.312,107.528,120
130.772,105.603,120
130.25,103.672,120
129.747,101.736,120
129.27,99.794,120
128.815,97.846,120
128.383,95.894,120
127.976,93.936,120
127.595,91.972,120
127.243,90.004,120
126.922,88.03,120
126.632,86.051,120
126.377,84.067,120
126.158,82.079,120
125.977,80.087,120
125.836,78.092,120
125.737,76.095,120
125.681,74.096,120
125.67,72.096,120
125.705,70.096,120
125.787,68.098,120
125.921,66.103,120
126.107,64.111,120
126.342,62.125,120
126.626,60.146,120
126.963,58.174,120
127.349,56.212,120
127.779,54.259,120
128.258,52.317,120
128.778,50.386,120
129.334,48.465,120
129.929,46.555,120
130.553,44.655,120
131.205,42.764,120
131.88,40.882,120
132.571,39.005,120
133.279,37.134,120
133.995,35.267,120
134.717,33.402,120
135.441,31.538,120
136.164,29.673,120
136.881,27.806,120
137.59,25.936,120
138.287,24.061,120
138.972,22.182,120
139.641,20.297,120
140.29,18.406,120
140.92,16.507,120
141.528,14.602,120
142.115,12.69,120
142.679,10.771,120
143.218,8.845,120
143.732,6.913,120
144.221,4.973,120
144.683,3.027,120
145.12,1.076,120
145.531,-0.881,120
145.917,-2.844,120
146.278,-4.811,120
146.612,-6.783,120
146.922,-8.759,120
147.207,-10.738,120
147.468,-12.721,120
147.706,-14.707,120
147.922,-16.695,120
148.117,-18.686,120
148.29,-20.678,120
148.438,-22.673,120
148.566,-24.669,120
148.676,-26.665,120
148.768,-28.663,120
148.838,-30.662,120
148.888,-32.661,120
148.924,-34.661,120
148.943,-36.661,120
148.94,-38.661,120
148.924,-40.661,120
148.896,-42.661,120
148.844,-44.66,120,0
148.961,-46.647,120
149.301,-48.618,120
149.642,-50.589,120
149.984,-52.559,120
150.327,-54.53,120
150.671,-56.5,120
151.016,-58.47,120
151.363,-60.44,120
151.71,-62.409,120
152.06,-64.378,120
152.411,-66.347,120
152.763,-68.316,120
153.118,-70.284,120
153.474,-72.252,120
153.832,-74.22,120
154.193,-76.187,120
154.557,-78.154,120
154.923,-80.12,120
155.292,-82.086,120
155.665,-84.051,120
156.042,-86.015,120
156.423,-87.978,120
156.808,-89.941,120
157.2,-91.902,120
157.597,-93.862,120
158.001,-95.821,120
158.413,-97.778,120
158.835,-99.733,120
159.267,-101.686,120
159.711,-103.636,120
160.168,-105.583,120
160.641,-107.526,120
161.129,-109.466,120
161.634,-111.401,120
162.153,-113.332,120
162.683,-115.261,120
163.22,-117.187,120
163.758,-119.114,120
164.293,-121.041,120
164.82,-122.97,120
165.338,-124.902,120
165.847,-126.836,120
166.347,-128.773,120
166.837,-130.712,120
167.318,-132.653,120
167.791,-134.596,120
168.257,-136.541,120
168.717,-138.488,120
169.17,-140.435,120
169.619,-142.385,120
170.062,-144.335,120
170.5,-146.286,120
170.934,-148.239,120
171.365,-150.192,120
171.792,-152.146,120
172.174,-153.906,120,0
172.174,-153.906,0,0
#PATH.JERRYIO-DATA {"appVersion":"0.8.3","format":"path.jerryio v0.1","gc":{"robotWidth":30,"robotHeight":30,"robotIsHolonomic":false,"showRobot":false,"uol":1,"pointDensity":2,"controlMagnetDistance":5,"fieldImage":{"displayName":"V5RC 2025 - High Stakes (Skills)","signature":"V5RC 2025 - High Stakes (Skills)","origin":{"__type":"built-in"}},"coordinateSystem":"VEX Gaming Positioning System"},"paths":[{"segments":[{"controls":[{"uid":"HwBi6P39Km","x":-164.7347097779509,"y":-2.3718348266458777,"lock":false,"visible":true,"heading":0,"__type":"end-point"},{"uid":"s2T5KytnhX","x":-149.16205687573043,"y":20.388196338137913,"lock":false,"visible":true,"__type":"control"},{"uid":"yPjsNFC02G","x":-137.7820412933384,"y":34.76295286326452,"lock":false,"visible":true,"__type":"control"},{"uid":"uph5St2twP","x":-120.4125438254772,"y":59.31982859368914,"lock":false,"visible":true,"heading":0,"__type":"end-point"}],"speedProfiles":[],"lookaheadKeyframes":[],"uid":"CnePglSx2f"},{"controls":[{"uid":"uph5St2twP","x":-120.4125438254772,"y":59.31982859368914,"lock":false,"visible":true,"heading":0,"__type":"end-point"},{"uid":"QNSgpcVXV0","x":-122.80833657966497,"y":97.05356447214648,"lock":false,"visible":true,"__type":"control"},{"uid":"UpD5Q6LkMH","x":-119.81359563693026,"y":90.76460849240358,"lock":false,"visible":true,"__type":"control"},{"uid":"STjEsK64LS","x":-120.4125438254772,"y":119.21464744838332,"lock":false,"visible":true,"heading":0,"__type":"end-point"}],"speedProfiles":[],"lookaheadKeyframes":[],"uid":"NydD57tZz7"},{"controls":[{"uid":"STjEsK64LS","x":-120.4125438254772,"y":119.21464744838332,"lock":false,"visible":true,"heading":0,"__type":"end-point"},{"uid":"EGpkYx3sFP","x":-121.01149201402414,"y":147.66468640436307,"lock":false,"visible":true,"__type":"control"},{"uid":"vFjjOkSCj7","x":-120.71201791975068,"y":136.58414491624464,"lock":false,"visible":true,"__type":"control"},{"uid":"ByCck3iwSk","x":-121.01149201402414,"y":153.95364238410596,"lock":false,"visible":true,"heading":0,"__type":"end-point"}],"speedProfiles":[],"lookaheadKeyframes":[],"uid":"iYPB3KxMN5"},{"controls":[{"uid":"ByCck3iwSk","x":-121.01149201402414,"y":153.95364238410596,"lock":false,"visible":true,"heading":0,"__type":"end-point"},{"uid":"oouQmZhQVQ","x":-140.77678223607322,"y":159.94312426957538,"lock":false,"visible":true,"__type":"control"},{"uid":"x2279rIqvy","x":-138.68046357615893,"y":158.7452278924815,"lock":false,"visible":true,"__type":"control"},{"uid":"SPBMmrC8M0","x":-161.14102064666926,"y":165.33365796649784,"lock":false,"visible":true,"heading":0,"__type":"end-point"}],"speedProfiles":[],"lookaheadKeyframes":[],"uid":"iKwMbjAvK4"},{"controls":[{"uid":"SPBMmrC8M0","x":-161.14102064666926,"y":165.33365796649784,"lock":false,"visible":true,"heading":0,"__type":"end-point"},{"uid":"tCEYTEQzXu","x":-186.2968445656408,"y":108.43358005453837,"lock":false,"visible":true,"__type":"control"},{"uid":"wZIbVphcja","x":-141.9746786131671,"y":57.223509933774835,"lock":false,"visible":true,"__type":"control"},{"uid":"Rn53omlv2Y","x":-122.80833657966497,"y":-50.88663809894817,"lock":false,"visible":true,"heading":0,"__type":"end-point"}],"speedProfiles":[],"lookaheadKeyframes":[],"uid":"JFrB7R95Ft"},{"controls":[{"uid":"Rn53omlv2Y","x":-122.80833657966497,"y":-50.88663809894817,"lock":false,"visible":true,"heading":0,"__type":"end-point"},{"uid":"nZN0YTsq8b","x":-119.21464744838332,"y":-93.41195948578104,"lock":false,"visible":true,"__type":"control"},{"uid":"GvUXPNpiCo","x":-121.01149201402414,"y":-83.22984028048303,"lock":false,"visible":true,"__type":"control"},{"uid":"YEld2abugY","x":-119.81359563693026,"y":-117.96883521620566,"lock":false,"visible":true,"heading":0,"__type":"end-point"}],"speedProfiles":[],"lookaheadKeyframes":[],"uid":"UFtweGD530"},{"controls":[{"uid":"YEld2abugY","x":-119.81359563693026,"y":-117.96883521620566,"lock":false,"visible":true,"heading":0,"__type":"end-point"},{"uid":"DZwcoSR3Ch","x":-118.61569925983638,"y":-152.7078301519283,"lock":false,"visible":true,"__type":"control"},{"uid":"H2ycNO9ycu","x":-120.11306973120374,"y":-135.33833268406698,"lock":false,"visible":true,"__type":"control"},{"uid":"WYPKskyMK7","x":-121.01149201402414,"y":-150.3120373977405,"lock":false,"visible":true,"heading":0,"__type":"end-point"}],"speedProfiles":[],"lookaheadKeyframes":[],"uid":"szlLTlwP0V"},{"controls":[{"uid":"WYPKskyMK7","x":-121.01149201402414,"y":-150.3120373977405,"lock":false,"visible":true,"heading":0,"__type":"end-point"},{"uid":"YKixEGREtS","x":-153.354694195559,"y":-153.30677834047523,"lock":false,"visible":true,"__type":"control"},{"uid":"RBl1ltMbNp","x":-144.66994546162834,"y":-154.20520062329564,"lock":false,"visible":true,"__type":"control"},{"uid":"E9RjsociAd","x":-168.32839890923256,"y":-158.09836384885077,"lock":false,"visible":true,"heading":0,"__type":"end-point"}],"speedProfiles":[],"lookaheadKeyframes":[],"uid":"avJPUavNyn"},{"controls":[{"uid":"E9RjsociAd","x":-168.32839890923256,"y":-158.09836384885077,"lock":false,"visible":true,"heading":0,"__type":"end-point"},{"uid":"xAKO9q7ts2","x":-141.37573042462017,"y":-147.91624464355274,"lock":false,"visible":true,"__type":"control"},{"uid":"BM10sexSD8","x":-118.91517335410985,"y":-140.12991819244252,"lock":false,"visible":true,"__type":"control"},{"uid":"RzoQE4FPQa","x":-69.50194779898715,"y":-122.16147253603425,"lock":false,"visible":true,"heading":0,"__type":"end-point"}],"speedProfiles":[],"lookaheadKeyframes":[],"uid":"zttEcUnrlz"},{"controls":[{"uid":"RzoQE4FPQa","x":-69.50194779898715,"y":-122.16147253603425,"lock":false,"visible":true,"heading":0,"__type":"end-point"},{"uid":"19EimhvEZj","x":-10.505551227113372,"y":-104.19302687962599,"lock":false,"visible":true,"__type":"control"},{"uid":"ZmZyiWDOhi","x":14.051324503311244,"y":-95.8077522399688,"lock":false,"visible":true,"__type":"control"},{"uid":"fZqzSnbLgi","x":54.48032723022982,"y":-61.06875730424618,"lock":false,"visible":true,"heading":0,"__type":"end-point"}],"speedProfiles":[],"lookaheadKeyframes":[],"uid":"yoRTwtvSXq"},{"controls":[{"uid":"fZqzSnbLgi","x":54.48032723022982,"y":-61.06875730424618,"lock":false,"visible":true,"heading":0,"__type":"end-point"},{"uid":"N2vX5CwByB","x":93.71143358005452,"y":-28.12660693416438,"lock":false,"visible":true,"__type":"control"},{"uid":"47Lv73Ko60","x":82.93036618620955,"y":-37.709777950915445,"lock":false,"visible":true,"__type":"control"},{"uid":"K3rZM6jT1g","x":107.78671601090765,"y":-10.158161277756122,"lock":false,"visible":true,"heading":0,"__type":"end-point"}],"speedProfiles":[],"lookaheadKeyframes":[],"uid":"SaAbHpLINV"},{"controls":[{"uid":"K3rZM6jT1g","x":107.78671601090765,"y":-10.158161277756122,"lock":false,"visible":true,"heading":0,"__type":"end-point"},{"uid":"cXye31fBeU","x":134.43991040124658,"y":15.297136735488905,"lock":false,"visible":true,"__type":"control"},{"uid":"ebjNxpekkK","x":126.05463576158938,"y":132.09203350214258,"lock":false,"visible":true,"__type":"control"},{"uid":"9DGBaPZad6","x":153.6062524347487,"y":164.43523568367743,"lock":false,"visible":true,"heading":0,"__type":"end-point"}],"speedProfiles":[],"lookaheadKeyframes":[],"uid":"8SvVIE6QMp"},{"controls":[{"uid":"9DGBaPZad6","x":153.6062524347487,"y":164.43523568367743,"lock":false,"visible":true,"heading":0,"__type":"end-point"},{"uid":"VKIJIHgQLs","x":91.91458901441369,"y":32.06768601480328,"lock":false,"visible":true,"__type":"control"},{"uid":"FXJr41qQza","x":152.10888196338138,"y":57.82245812232178,"lock":false,"visible":true,"__type":"control"},{"uid":"i2TsBGJSPj","x":148.81466692637318,"y":-45.795578496299164,"lock":false,"visible":true,"heading":0,"__type":"end-point"}],"speedProfiles":[],"lookaheadKeyframes":[],"uid":"2EV1MMPHih"},{"controls":[{"uid":"i2TsBGJSPj","x":148.81466692637318,"y":-45.795578496299164,"lock":false,"visible":true,"heading":0,"__type":"end-point"},{"uid":"WIv0TKo9WY","x":163.18942345149978,"y":-129.34885079859757,"lock":false,"visible":true,"__type":"control"},{"uid":"zSDyTwK7fm","x":160.49415660303853,"y":-99.85065251266066,"lock":false,"visible":true,"__type":"control"},{"uid":"MbdP609OX0","x":172.1736462797039,"y":-153.90572652902216,"lock":false,"visible":true,"heading":0,"__type":"end-point"}],"speedProfiles":[],"lookaheadKeyframes":[],"uid":"FuLZTFlS58"}],"pc":{"speedLimit":{"minLimit":{"value":0,"label":"0"},"maxLimit":{"value":600,"label":"600"},"step":1,"from":40,"to":120},"bentRateApplicableRange":{"minLimit":{"value":0,"label":"0"},"maxLimit":{"value":1,"label":"1"},"step":0.001,"from":0,"to":0.1}},"name":"Path","uid":"aBn73mhe9h","lock":false,"visible":true}]}