#PATH-POINTS-START Path
-166.532,0.024,120,0
-164.803,-0.982,120
-163.074,-1.987,120
-161.344,-2.991,120
-159.614,-3.995,120
-157.883,-4.997,120
-156.152,-5.998,120
-154.42,-6.998,120
-152.687,-7.997,120
-150.953,-8.994,120
-149.219,-9.989,120
-147.483,-10.983,120
-145.746,-11.975,120
-144.008,-12.964,120
-142.269,-13.951,120
-140.528,-14.936,120
-138.785,-15.917,120
-137.041,-16.896,120
-135.296,-17.872,120
-133.548,-18.845,120
-131.799,-19.815,120
-130.048,-20.781,120
-128.295,-21.743,120
-126.54,-22.703,120
-124.783,-23.659,120
-123.024,-24.612,120
-121.264,-25.561,120
-119.502,-26.508,120
-117.739,-27.451,120
-115.974,-28.392,120
-114.208,-29.33,120
-112.44,-30.266,120
-110.671,-31.199,120
-108.901,-32.131,120
-107.131,-33.06,120
-105.359,-33.988,120
-103.586,-34.915,120
-101.813,-35.84,120
-100.039,-36.764,120
-98.265,-37.686,120
-96.49,-38.608,120
-94.715,-39.529,120
-92.939,-40.449,120
-91.163,-41.369,120
-89.387,-42.288,120
-87.61,-43.207,120
-85.833,-44.125,120
-84.056,-45.043,120
-82.279,-45.96,120
-80.502,-46.878,120
-78.725,-47.795,120
-76.947,-48.712,120
-75.17,-49.629,120
-73.392,-50.545,120
-71.615,-51.462,120
-69.837,-52.379,120
-68.06,-53.295,120
-66.282,-54.212,120
-64.505,-55.129,120
-62.727,-56.046,120,0
-60.95,-56.962,120
-59.173,-57.88,120
-57.397,-58.8,120
-55.622,-59.721,120
-53.848,-60.646,120
-52.076,-61.574,120
-50.308,-62.507,120
-48.543,-63.449,120
-46.788,-64.408,120
-45.239,-65.422,120
-47.098,-64.687,120
-48.926,-63.876,120
-50.747,-63.05,120
-52.565,-62.215,120
-54.38,-61.376,120
-56.194,-60.533,120
-58.006,-59.687,120
-59.818,-58.84,120
-61.629,-57.991,120
-63.439,-57.141,120
-65.249,-56.29,120
-67.059,-55.439,120
-68.868,-54.586,120
-70.677,-53.734,120
-72.486,-52.881,120
-74.295,-52.027,120
-76.104,-51.173,120
-77.912,-50.32,120
-79.721,-49.466,120
-81.529,-48.612,120
-83.338,-47.758,120
-85.146,-46.904,120
-86.955,-46.05,120
-88.763,-45.196,120
-90.572,-44.342,120
-92.381,-43.488,120
-94.189,-42.635,120
-95.998,-41.782,120
-97.807,-40.929,120
-99.616,-40.076,120
-101.425,-39.223,120
-103.235,-38.371,120
-105.044,-37.52,120
-106.854,-36.668,120
-108.664,-35.817,120
-110.474,-34.966,120
-112.284,-34.116,120
-114.095,-33.266,120
-115.906,-32.417,120
-117.717,-31.568,120
-119.528,-30.72,120
-121.339,-29.872,120
-123.151,-29.025,120
-124.963,-28.179,120
-126.775,-27.333,120
-128.588,-26.488,120
-130.401,-25.644,120
-132.215,-24.8,120
-134.028,-23.957,120
-135.842,-23.115,120
-137.657,-22.274,120
-139.472,-21.434,120
-141.287,-20.595,120
-143.103,-19.757,120
-144.92,-18.92,120
-146.737,-18.084,120
-148.554,-17.249,120
-150.372,-16.416,120
-152.191,-15.584,120
-154.01,-14.753,120
-155.831,-13.925,120
-157.651,-13.097,120
-159.473,-12.272,120
-161.296,-11.448,120
-163.119,-10.627,120
-164.944,-9.807,120
-166.769,-8.99,120
-168.596,-8.176,120,0
-168.972,-8.573,120
-167.83,-10.215,120
-166.668,-11.843,120
-165.483,-13.454,120
-164.271,-15.045,120
-163.029,-16.612,120
-161.752,-18.151,120
-160.435,-19.656,120
-159.075,-21.122,120
-157.669,-22.544,120
-156.217,-23.921,120
-154.726,-25.253,120
-153.205,-26.552,120
-151.669,-27.833,120
-150.132,-29.113,120
-148.607,-30.406,120
-147.102,-31.724,120
-145.623,-33.069,120
-144.17,-34.444,120
-142.744,-35.846,120
-141.344,-37.274,120
-139.968,-38.726,120
-138.615,-40.199,120
-137.282,-41.689,120
-135.967,-43.196,120
-134.669,-44.718,120
-133.386,-46.252,120
-132.118,-47.799,120
-130.862,-49.355,120,0
-131.1,-51.178,120
-131.741,-53.073,120
-132.38,-54.967,120
-133.019,-56.863,120
-133.655,-58.759,120
-134.29,-60.656,120
-134.921,-62.553,120
-135.551,-64.452,120
-136.177,-66.351,120
-136.799,-68.252,120
-137.418,-70.154,120
-138.032,-72.057,120
-138.64,-73.962,120
-139.243,-75.869,120
-139.839,-77.778,120
-140.428,-79.69,120
-141.009,-81.603,120
-141.582,-83.52,120
-142.147,-85.438,120
-142.703,-87.359,120
-143.249,-89.283,120
-143.788,-91.21,120
-144.317,-93.138,120
-144.84,-95.069,120
-145.355,-97.001,120
-145.863,-98.935,120
-146.366,-100.871,120
-146.865,-102.808,120
-147.359,-104.746,120
-147.85,-106.685,120
-148.338,-108.624,120
-148.824,-110.564,120
-149.308,-112.505,120
-149.791,-114.446,120
-150.273,-116.387,120
-150.754,-118.328,120
-151.235,-120.269,120,0
-149.36,-120.25,120
-147.365,-120.105,120
-145.373,-119.932,120
-143.383,-119.725,120
-141.399,-119.479,120
-139.419,-119.196,120
-137.442,-118.892,120
-135.463,-118.602,120
-133.478,-118.361,120
-131.486,-118.183,120
-129.49,-118.063,120
-127.491,-117.988,120
-125.491,-117.948,120
-123.491,-117.936,120
-121.491,-117.944,120
-119.492,-117.973,120,0
-117.512,-118.25,120
-115.521,-118.44,120
-113.525,-118.576,120
-111.528,-118.675,120
-109.529,-118.747,120
-107.53,-118.8,120
-105.53,-118.838,120
-103.53,-118.865,120
-101.53,-118.884,120
-99.531,-118.897,120
-97.531,-118.906,120
-95.531,-118.912,120
-93.531,-118.915,120
-91.531,-118.918,120
-89.531,-118.92,120
-87.531,-118.922,120
-85.531,-118.925,120
-83.531,-118.93,120
-81.531,-118.936,120
-79.531,-118.944,120
-77.531,-118.955,120
-75.531,-118.968,120
-73.531,-118.984,120
-71.531,-119.004,120
-69.531,-119.026,120
-67.531,-119.052,120
-65.531,-119.082,120
-63.532,-119.115,120
-61.532,-119.152,120,0
-59.532,-119.192,120
-57.533,-119.23,120
-55.533,-119.265,120
-53.533,-119.297,120
-51.534,-119.327,120
-49.534,-119.354,120
-47.534,-119.379,120
-45.534,-119.402,120
-43.534,-119.423,120
-41.534,-119.442,120
-39.534,-119.46,120
-37.534,-119.475,120
-35.534,-119.49,120
-33.534,-119.502,120
-31.534,-119.514,120
-29.534,-119.524,120
-27.534,-119.533,120
-25.535,-119.542,120
-23.535,-119.549,120
-21.535,-119.556,120
-19.535,-119.562,120
-17.535,-119.567,120
-15.535,-119.572,120
-13.535,-119.576,120
-11.535,-119.58,120
-9.535,-119.584,120
-7.535,-119.587,120
-5.535,-119.591,120
-3.535,-119.594,120
-1.535,-119.597,120
0.465,-119.6,120
2.465,-119.602,120
4.465,-119.605,120
6.465,-119.608,120
8.465,-119.611,120
10.465,-119.615,120
12.465,-119.618,120
14.465,-119.621,120
16.465,-119.625,120
18.465,-119.629,120
20.465,-119.633,120
22.465,-119.637,120
24.465,-119.641,120
26.465,-119.646,120
28.465,-119.651,120
30.465,-119.657,120
32.465,-119.662,120
34.465,-119.668,120
36.465,-119.674,120
38.465,-119.681,120
40.465,-119.687,120
42.465,-119.695,120
44.465,-119.702,120
46.465,-119.71,120
48.465,-119.718,120
50.465,-119.726,120
52.465,-119.735,120
54.465,-119.744,120
56.465,-119.753,120
58.465,-119.763,120,0
60.465,-119.773,120
62.465,-119.783,120
64.465,-119.793,120
66.465,-119.802,120
68.465,-119.811,120
70.465,-119.821,120
72.465,-119.829,120
74.465,-119.838,120
76.465,-119.846,120
78.465,-119.854,120
80.465,-119.861,120
82.465,-119.868,120
84.465,-119.873,120
86.465,-119.878,120
88.465,-119.881,120
90.465,-119.883,120
92.465,-119.882,120
94.465,-119.878,120
96.465,-119.868,120
98.465,-119.849,120
100.464,-119.813,120
102.463,-119.747,120
104.461,-119.65,120
106.459,-119.554,120
108.457,-119.474,120
110.456,-119.405,120
112.455,-119.346,120
114.454,-119.293,120
116.454,-119.245,120
118.453,-119.2,120
120.453,-119.159,120,0
122.452,-119.118,120
124.452,-119.078,120
126.452,-119.038,120
128.451,-118.997,120
130.451,-118.957,120
132.45,-118.916,120
134.45,-118.876,120
136.449,-118.835,120
138.449,-118.794,120
140.449,-118.753,120
142.448,-118.711,120
144.448,-118.67,120
146.447,-118.628,120
148.447,-118.588,120
150.447,-118.546,120,0
152.446,-118.514,120
154.445,-118.553,120
156.4,-118.929,120
157.675,-120.386,120
158.078,-122.342,120
158.296,-124.33,120
158.505,-126.319,120
158.747,-128.304,120
159.032,-130.284,120
159.361,-132.256,120
159.734,-134.221,120
160.146,-136.178,120
160.596,-138.127,120
161.08,-140.067,120
161.597,-141.999,120
162.143,-143.923,120
162.715,-145.84,120
163.313,-147.748,120
163.935,-149.649,120
164.579,-151.543,120
165.252,-153.426,120,0
165.87,-155.328,120
166.326,-157.274,120
166.479,-159.264,120
165.991,-161.183,120
164.47,-162.417,120
162.503,-162.714,120
160.513,-162.539,120
158.554,-162.137,120
156.626,-161.609,120
154.719,-161.003,120
152.83,-160.348,120
150.952,-159.66,120
149.082,-158.951,120
147.217,-158.23,120
145.354,-157.502,120
143.491,-156.774,120
141.626,-156.051,120
139.758,-155.338,120
137.884,-154.637,120
136.005,-153.954,120
134.117,-153.293,120
132.22,-152.66,120
130.312,-152.059,120
128.393,-151.495,120
126.462,-150.977,120
124.516,-150.514,120
122.557,-150.112,120
120.584,-149.786,120,0
119.777,-148.266,120
119.478,-146.288,120
119.248,-144.302,120
119.068,-142.31,120
118.924,-140.315,120
118.808,-138.318,120
118.713,-136.321,120
118.637,-134.322,120
118.574,-132.323,120
118.524,-130.324,120
118.483,-128.324,120
118.451,-126.324,120
118.426,-124.325,120
118.408,-122.325,120
118.394,-120.325,120
118.385,-118.325,120
118.379,-116.325,120
118.377,-114.325,120
118.378,-112.325,120
118.38,-110.325,120
118.385,-108.325,120
118.391,-106.325,120
118.398,-104.325,120
118.407,-102.325,120
118.416,-100.325,120
118.425,-98.325,120
118.435,-96.325,120
118.445,-94.325,120
118.454,-92.325,120
118.463,-90.325,120
118.472,-88.325,120
118.481,-86.325,120
118.488,-84.325,120
118.495,-82.325,120
118.501,-80.325,120
118.506,-78.325,120
118.509,-76.325,120
118.512,-74.325,120
118.513,-72.325,120
118.513,-70.325,120
118.511,-68.325,120
118.507,-66.325,120
118.502,-64.325,120
118.496,-62.325,120
118.487,-60.325,120
118.477,-58.325,120
118.464,-56.325,120
118.45,-54.325,120
118.434,-52.325,120
118.416,-50.325,120
118.395,-48.325,120
118.372,-46.326,120
118.347,-44.326,120
118.32,-42.326,120
118.291,-40.326,120,0
118.733,-38.558,120
120.33,-37.355,120
121.93,-36.155,120
123.532,-34.957,120
125.136,-33.762,120
126.742,-32.571,120
128.352,-31.383,120
129.964,-30.201,120
131.581,-29.023,120
133.202,-27.852,120
134.829,-26.688,120
136.462,-25.533,120
138.103,-24.39,120
139.753,-23.26,120
141.415,-22.147,120
143.09,-21.055,120
144.782,-19.988,120
146.49,-18.949,120
148.214,-17.934,120
149.947,-16.936,120
151.683,-15.942,120
153.414,-14.94,120
155.136,-13.924,120
156.85,-12.892,120
158.554,-11.846,120
160.249,-10.785,120
161.938,-9.713,120
163.619,-8.63,120
165.295,-7.538,120
166.965,-6.439,120
168.626,-5.325,120,0
170.103,-3.976,120
171.538,-2.584,120
172.858,-1.083,120
173.431,0.738,120
171.715,1.638,120
169.733,1.895,120
167.736,2.008,120
165.737,2.066,120
163.738,2.1,120
161.738,2.125,120
159.738,2.149,120
157.738,2.175,120
155.738,2.207,120
153.739,2.247,120
151.739,2.296,120
149.74,2.354,120
147.741,2.422,120
145.743,2.501,120
143.745,2.589,120
141.747,2.689,120
139.75,2.799,120
137.754,2.92,120
135.77,3.127,120,359.79999999999995
133.79,3.4,120
131.793,3.374,120
129.818,3.064,120
127.897,2.512,120
126.044,1.763,120
124.261,0.859,120
122.544,-0.167,120
120.887,-1.287,120
119.282,-2.48,120
117.723,-3.733,120
116.201,-5.03,120
114.713,-6.366,120
113.253,-7.732,120
111.815,-9.122,120
110.396,-10.532,120
108.994,-11.958,120
107.605,-13.397,120
106.227,-14.847,120
104.857,-16.304,120
103.493,-17.767,120
102.135,-19.235,120
100.779,-20.706,120
99.426,-22.178,120
98.073,-23.651,120
96.719,-25.123,120
95.364,-26.594,120
94.007,-28.063,120
92.645,-29.528,120
91.28,-30.99,120
89.909,-32.446,120
88.533,-33.897,120
87.151,-35.343,120
85.762,-36.782,120
84.365,-38.213,120
82.961,-39.637,120
81.548,-41.053,120
80.126,-42.459,120
78.695,-43.857,120
77.255,-45.244,120
75.805,-46.621,120
74.345,-47.988,120
72.873,-49.343,120
71.392,-50.686,120
69.898,-52.017,120
68.394,-53.335,120
66.879,-54.64,120
65.351,-55.931,120
63.813,-57.209,120
62.262,-58.471,120
60.698,-59.718,120
59.123,-60.951,120,0
57.545,-59.958,120
55.971,-58.724,120
54.403,-57.483,120
52.841,-56.233,120
51.287,-54.975,120
49.74,-53.706,120
48.202,-52.428,120
46.674,-51.138,120
45.156,-49.835,120
43.65,-48.519,120
42.157,-47.189,120
40.679,-45.841,120
39.217,-44.476,120
37.773,-43.093,120
36.349,-41.689,120
34.946,-40.264,120
33.566,-38.816,120
32.211,-37.345,120
30.881,-35.851,120
29.575,-34.336,120
28.293,-32.801,120
27.032,-31.249,120
25.787,-29.684,120
24.553,-28.11,120
23.325,-26.531,120
22.099,-24.951,120
20.87,-23.373,120
19.634,-21.801,120
18.387,-20.237,120
17.13,-18.682,120
15.86,-17.137,120
14.577,-15.603,120
13.28,-14.08,120
11.971,-12.567,120
10.65,-11.066,120
9.316,-9.576,120
7.971,-8.096,120
6.615,-6.625,120
5.249,-5.164,120
3.874,-3.712,120
2.49,-2.269,120
1.097,-0.833,120
-0.303,0.595,120,0
-1.698,2.028,120
-3.085,3.469,120
-4.472,4.909,120
-5.861,6.349,120
-7.25,7.787,120
-8.64,9.225,120
-10.032,10.662,120
-11.424,12.098,120
-12.817,13.532,120
-14.212,14.966,120
-15.609,16.398,120
-17.007,17.828,120
-18.406,19.257,120
-19.807,20.684,120
-21.211,22.109,120
-22.616,23.532,120
-24.024,24.953,120
-25.433,26.371,120
-26.845,27.788,120
-28.259,29.203,120
-29.675,30.615,120
-31.092,32.026,120
-32.51,33.436,120
-33.93,34.845,120
-35.35,36.254,120
-36.77,37.662,120
-38.19,39.07,120
-39.61,40.479,120
-41.029,41.888,120
-42.448,43.298,120
-43.865,44.709,120
-45.282,46.12,120
-46.698,47.533,120
-48.113,48.946,120
-49.527,50.361,120
-50.94,51.776,120
-52.352,53.192,120
-53.764,54.609,120
-55.174,56.027,120
-56.584,57.446,120
-57.993,58.866,120
-59.401,60.286,120
-60.808,61.707,120,0
-62.215,63.129,120
-63.62,64.552,120
-65.024,65.976,120
-66.426,67.403,120
-67.826,68.83,120
-69.225,70.26,120
-70.622,71.691,120
-72.017,73.124,120
-73.411,74.559,120
-74.802,75.996,120
-76.191,77.434,120
-77.579,78.875,120
-78.964,80.318,120
-80.347,81.762,120
-81.728,83.209,120
-83.107,84.657,120
-84.485,86.107,120
-85.861,87.558,120
-87.237,89.01,120
-88.612,90.462,120
-89.987,91.915,120
-91.362,93.367,120
-92.739,94.817,120
-94.118,96.266,120
-95.499,97.712,120
-96.883,99.156,120
-98.27,100.597,120
-99.661,102.034,120
-101.055,103.468,120
-102.452,104.899,120
-103.853,106.327,120
-105.257,107.751,120
-106.665,109.172,120
-108.075,110.59,120
-109.488,112.005,120
-110.904,113.418,120
-112.322,114.828,120
-113.743,116.236,120
-115.165,117.642,120
-116.59,119.046,120
-118.016,120.448,120
-119.444,121.848,120,0
-119.767,123.692,120
-119.711,125.691,120
-119.664,127.69,120
-119.629,129.69,120
-119.613,131.69,120
-119.624,133.69,120
-119.678,135.689,120
-119.797,137.686,120
-119.964,139.679,120
-120.121,141.672,120
-120.241,143.669,120
-120.328,145.667,120
-120.39,147.666,120
-120.481,149.663,120,0
-121.042,151.563,120
-122.826,151.893,120
-124.481,150.781,120
-125.935,149.409,120
-127.296,147.944,120
-128.606,146.432,120
-129.884,144.894,120
-131.143,143.34,120
-132.39,141.776,120
-133.632,140.208,120
-134.872,138.639,120
-136.114,137.072,120
-137.361,135.508,120
-138.616,133.951,120
-139.881,132.402,120
-141.16,130.864,120
-142.455,129.34,120
-143.768,127.832,120
-145.103,126.343,120
-146.463,124.876,120
-147.853,123.438,120
-149.276,122.033,120
-150.555,121.483,120,0
-151.32,123.331,120
-152.085,125.179,120
-152.85,127.027,120
-153.614,128.875,120
-154.379,130.723,120
-155.144,132.571,120
-155.909,134.419,120
-156.675,136.267,120
-157.44,138.115,120
-158.205,139.962,120
-158.971,141.81,120
-159.737,143.658,120
-160.503,145.505,120
-161.27,147.352,120
-162.037,149.199,120
-162.804,151.046,120
-163.571,152.893,120
-164.339,154.74,120
-165.106,156.587,120
-165.873,158.434,120
-166.64,160.281,120
-167.407,162.128,120
-168.174,163.976,120
-168.94,165.823,120
-169.706,167.67,120
-170.472,169.518,120,0
-171.236,171.366,120
-171.988,173.22,120
-172.683,175.094,120
-171.796,173.546,120
-170.926,171.746,120
-170.069,169.939,120
-169.219,168.128,120
-168.373,166.316,120
-167.53,164.502,120
-166.689,162.688,120
-165.85,160.872,120
-165.012,159.056,120
-164.175,157.24,120
-163.339,155.423,120
-162.504,153.606,120
-161.669,151.788,120
-160.834,149.971,120
-160,148.153,120
-159.166,146.335,120
-158.333,144.517,120
-157.499,142.699,120
-156.666,140.881,120
-155.833,139.063,120
-155,137.244,120
-154.167,135.426,120
-153.334,133.608,120
-152.501,131.79,120
-151.668,129.971,120
-150.834,128.153,120
-150.001,126.335,120
-149.168,124.517,120
-148.334,122.699,120
-147.5,120.881,120
-146.666,119.063,120
-145.832,117.246,120
-144.998,115.428,120
-144.163,113.61,120
-143.328,111.793,120
-142.493,109.976,120
-141.657,108.159,120
-140.821,106.342,120
-139.985,104.525,120
-139.148,102.709,120
-138.311,100.892,120
-137.473,99.076,120
-136.635,97.26,120
-135.796,95.445,120
-134.957,93.629,120
-134.117,91.814,120
-133.276,90,120
-132.434,88.185,120
-131.592,86.371,120
-130.749,84.558,120
-129.905,82.744,120
-129.061,80.932,120
-128.215,79.119,120,0
-127.727,77.18,120
-127.121,75.275,120
-126.337,73.437,120
-125.297,71.732,120
-123.891,70.321,120
-122.087,69.492,120
-120.1,69.419,120
-118.169,69.922,120
-116.356,70.762,120
-114.648,71.802,120
-113.021,72.964,120
-111.458,74.211,120
-109.941,75.515,120
-108.462,76.861,120
-107.013,78.24,120
-105.587,79.642,120
-104.179,81.062,120
-102.786,82.497,120
-101.403,83.942,120
-100.029,85.395,120
-98.66,86.854,120
-97.296,88.316,120
-95.934,89.78,120
-94.572,91.245,120
-93.209,92.709,120
-91.844,94.17,120
-90.475,95.628,120
-89.101,97.082,120
-87.721,98.53,120
-86.334,99.971,120
-84.939,101.404,120
-83.535,102.828,120
-82.12,104.242,120
-80.695,105.644,120
-79.256,107.034,120
-77.805,108.41,120
-76.339,109.771,120
-74.858,111.114,120
-73.361,112.44,120
-71.844,113.744,120
-70.31,115.028,120
-68.756,116.286,120
-67.18,117.518,120
-65.583,118.722,120
-63.961,119.892,120
-62.316,121.029,120
-60.645,122.127,120,0
-58.856,123.02,120
-57.058,123.896,120
-55.261,124.773,120
-53.463,125.65,120
-51.665,126.526,120
-49.868,127.403,120
-48.07,128.279,120
-46.272,129.155,120
-44.474,130.03,120
-42.675,130.905,120
-40.875,131.777,120
-39.075,132.647,120
-37.272,133.513,120
-35.465,134.372,120
-33.653,135.217,120
-31.828,136.036,120
-29.98,136.801,120
-28.104,137.494,120
-26.217,138.157,120
-24.334,138.829,120
-22.456,139.517,120
-20.583,140.219,120
-18.714,140.931,120
-16.849,141.653,120
-14.986,142.382,120
-13.126,143.116,120
-11.268,143.856,120
-9.412,144.6,120
-7.557,145.348,120
-5.703,146.1,120
-3.851,146.854,120
-2,147.611,120
-0.15,148.37,120
1.7,149.132,120,0
3.445,148.216,120
5.189,147.237,120
6.936,146.265,120
8.689,145.3,120
10.445,144.344,120
12.207,143.398,120
13.975,142.463,120
15.749,141.54,120
17.53,140.63,120
19.319,139.734,120
21.115,138.854,120
22.918,137.99,120
24.73,137.142,120
26.548,136.309,120
28.373,135.491,120
30.202,134.683,120
32.036,133.884,120
33.872,133.09,120
35.708,132.298,120
37.544,131.505,120
39.379,130.709,120
41.212,129.908,120
43.042,129.102,120
44.869,128.289,120
46.694,127.47,120
48.515,126.644,120
50.334,125.811,120
52.149,124.972,120
53.962,124.127,120
55.771,123.276,120
57.579,122.419,120
59.395,121.598,120,0
61.385,121.395,120
63.375,121.199,120
65.366,121.009,120
67.358,120.827,120
69.35,120.653,120
71.343,120.491,120
73.338,120.339,120
75.333,120.202,120
77.329,120.08,120
79.327,119.977,120
81.325,119.896,120
83.324,119.839,120
85.324,119.811,120
87.324,119.813,120
89.324,119.846,120
91.323,119.906,120
93.321,119.986,120
95.319,120.078,120
97.317,120.172,120
99.315,120.259,120
101.313,120.335,120
103.312,120.396,120
105.312,120.442,120
107.312,120.474,120
109.312,120.491,120
111.312,120.494,120
113.312,120.486,120
115.311,120.466,120
117.311,120.436,120
119.311,120.397,120,0
121.31,120.356,120
123.31,120.314,120
125.31,120.27,120
127.309,120.225,120
129.308,120.178,120
131.308,120.127,120
133.307,120.073,120
135.306,120.012,120
137.305,119.939,120
139.302,119.843,120
141.298,119.706,120
143.293,119.565,120
145.29,119.453,120
147.287,119.359,120
149.286,119.277,120
151.284,119.204,120,0
153.281,119.275,120
155.099,119.988,120
154.659,121.801,120
153.281,123.247,120
151.753,124.537,120
150.165,125.752,120
148.543,126.923,120
146.903,128.067,120
145.25,129.194,120
143.59,130.309,120
141.925,131.418,120
140.259,132.523,120
138.592,133.628,120
136.926,134.735,120
135.263,135.846,120
133.604,136.963,120
131.95,138.088,120
130.304,139.223,120
128.666,140.371,120
127.037,141.532,120
125.421,142.71,120
123.819,143.907,120
122.233,145.125,120
120.667,146.369,120
119.124,147.642,120
117.61,148.949,120,0
118.996,149.579,120
120.933,150.077,120
122.87,150.576,120
124.806,151.078,120
126.741,151.583,120
128.674,152.095,120
130.606,152.614,120
132.534,153.145,120
134.458,153.692,120
136.375,154.261,120
138.285,154.855,120
140.184,155.481,120
142.073,156.139,120
143.951,156.828,120
145.818,157.543,120
147.678,158.28,120
149.531,159.032,120
151.38,159.795,120
153.226,160.565,120
155.07,161.339,120
156.912,162.116,120
158.755,162.894,120
160.597,163.673,120
162.445,164.438,120,0
164.362,164.992,120
165.402,163.922,120
164.432,162.18,120
163.225,160.586,120
161.938,159.055,120
160.607,157.563,120
159.249,156.095,120
157.871,154.645,120
156.479,153.209,120
155.075,151.784,120
153.663,150.368,120
152.243,148.959,120
150.818,147.557,120
149.387,146.159,120
147.951,144.766,120
146.513,143.377,120
145.071,141.991,120
143.626,140.609,120
142.178,139.228,120
140.729,137.85,120
139.278,136.474,120
137.825,135.099,120
136.371,133.726,120
134.916,132.354,120
133.459,130.983,120
132.002,129.614,120
130.544,128.245,120
129.085,126.876,120
127.626,125.508,120
126.167,124.141,120
124.707,122.774,120
123.247,121.407,120
121.787,120.04,120
120.327,118.674,120
118.866,117.307,120
117.406,115.94,120
115.946,114.573,120
114.487,113.206,120
113.027,111.838,120
111.568,110.47,120
110.11,109.102,120
108.652,107.733,120
107.194,106.363,120
105.738,104.993,120
104.281,103.622,120
102.826,102.25,120
101.371,100.878,120
99.917,99.505,120
98.464,98.13,120
97.012,96.755,120
95.561,95.379,120
94.111,94.001,120
92.662,92.623,120
91.214,91.243,120
89.767,89.862,120
88.322,88.479,120
86.878,87.096,120
85.436,85.71,120
83.995,84.323,120
82.555,82.935,120
81.117,81.545,120
79.681,80.153,120
78.246,78.76,120
76.813,77.364,120
75.382,75.967,120
73.954,74.568,120
72.527,73.166,120
71.102,71.762,120
69.68,70.356,120
68.26,68.948,120
66.842,67.537,120
65.427,66.124,120
64.014,64.708,120
62.604,63.29,120
61.197,61.868,120
59.794,60.444,120,0
58.767,61.697,120
57.811,63.454,120
56.855,65.211,120
55.9,66.968,120
54.946,68.726,120
53.992,70.484,120
53.039,72.242,120
52.087,74.001,120
51.135,75.76,120
50.185,77.519,120
49.235,79.279,120
48.286,81.04,120
47.339,82.802,120
46.393,84.564,120
45.449,86.327,120
44.506,88.091,120
43.565,89.855,120
42.625,91.621,120
41.688,93.388,120
40.754,95.156,120
39.822,96.926,120
38.892,98.697,120
37.966,100.469,120
37.043,102.244,120
36.124,104.02,120
35.209,105.798,120
34.297,107.578,120
33.39,109.361,120
32.488,111.145,120
31.59,112.933,120
30.697,114.722,120
29.81,116.515,120
28.928,118.31,120
28.051,120.107,120
27.179,121.907,120
26.313,123.71,120
25.453,125.515,120
24.597,127.323,120
23.746,129.133,120
22.9,130.945,120
22.058,132.76,120
21.22,134.576,120
20.386,136.393,120
19.556,138.213,120
18.729,140.034,120
17.904,141.856,120
17.082,143.679,120
16.263,145.504,120
15.445,147.329,120
14.629,149.155,120
13.815,150.982,120
13.002,152.809,120
12.19,154.637,120
11.379,156.465,120
10.569,158.293,120
9.759,160.122,120
8.95,161.951,120
8.142,163.781,120
7.333,165.61,120
6.525,167.439,120,0
5.723,169.271,120
4.947,171.115,120
4.217,172.977,120
3.608,174.88,120
4.424,175.34,120
5.72,173.817,120
6.916,172.215,120
8.07,170.581,120
9.201,168.932,120
10.315,167.271,120
11.419,165.603,120
12.513,163.929,120
13.599,162.25,120
14.68,160.567,120
15.756,158.881,120
16.827,157.192,120
17.895,155.501,120
18.959,153.807,120
20.02,152.112,120
21.079,150.416,120
22.136,148.717,120
23.19,147.018,120
24.243,145.318,120
25.294,143.616,120
26.343,141.913,120
27.392,140.21,120
28.438,138.506,120
29.484,136.801,120
30.528,135.095,120
31.572,133.389,120
32.614,131.682,120
33.656,129.975,120
34.696,128.267,120
35.736,126.558,120
36.775,124.85,120
37.814,123.14,120
38.852,121.431,120
39.889,119.721,120
40.926,118.011,120
41.962,116.3,120
42.998,114.589,120
44.033,112.878,120
45.068,111.167,120
46.103,109.455,120
47.137,107.743,120
48.171,106.031,120
49.204,104.319,120
50.238,102.606,120
51.271,100.894,120
52.303,99.181,120
53.336,97.468,120
54.368,95.755,120
55.4,94.042,120
56.432,92.328,120
57.463,90.615,120
58.495,88.902,120
59.526,87.188,120
60.557,85.474,120
61.588,83.761,120
62.62,82.047,120
63.65,80.333,120
64.681,78.619,120
65.712,76.905,120
66.743,75.191,120
67.773,73.477,120
68.804,71.763,120
69.835,70.049,120
70.865,68.335,120
71.896,66.621,120
72.927,64.907,120
73.957,63.193,120
74.988,61.479,120
76.019,59.765,120
77.049,58.051,120
78.08,56.338,120
79.111,54.624,120
80.142,52.91,120
81.173,51.196,120
82.204,49.483,120
83.236,47.769,120
84.267,46.055,120
85.298,44.342,120
86.33,42.628,120
87.362,40.915,120
88.394,39.202,120
89.426,37.489,120
90.458,35.776,120
91.49,34.063,120
92.523,32.35,120
93.555,30.637,120
94.588,28.924,120
95.621,27.212,120
96.655,25.5,120
97.688,23.787,120
98.722,22.075,120
99.756,20.363,120
100.79,18.651,120
101.825,16.94,120
102.86,15.228,120
103.895,13.517,120
104.93,11.806,120
105.966,10.095,120
107.001,8.384,120
108.038,6.673,120
109.074,4.963,120
110.111,3.253,120
111.148,1.543,120
112.186,-0.167,120
113.224,-1.877,120
114.262,-3.586,120
115.301,-5.295,120
116.34,-7.004,120
117.379,-8.713,120
118.419,-10.421,120
119.46,-12.129,120
120.5,-13.837,120
121.541,-15.545,120
122.583,-17.252,120
123.625,-18.959,120
124.668,-20.666,120
125.711,-22.372,120
126.754,-24.079,120
127.799,-25.784,120
128.843,-27.49,120
129.889,-29.195,120
130.934,-30.9,120
131.981,-32.604,120
133.028,-34.308,120
134.075,-36.012,120
135.123,-37.715,120
136.173,-39.418,120
137.222,-41.121,120
138.273,-42.823,120
139.323,-44.524,120
140.375,-46.225,120
141.428,-47.926,120
142.481,-49.626,120
143.535,-51.326,120
144.59,-53.025,120
145.646,-54.724,120
146.703,-56.422,120
147.76,-58.119,120,0
148.819,-59.816,120
148.588,-61.064,120
146.704,-61.736,120
144.82,-62.406,120
142.936,-63.076,120
141.051,-63.745,120
139.166,-64.413,120
137.28,-65.081,120
135.395,-65.746,120
133.508,-66.411,120
131.622,-67.075,120
129.735,-67.738,120
127.848,-68.4,120
125.96,-69.061,120
124.072,-69.72,120
122.183,-70.379,120
120.294,-71.036,120
118.405,-71.692,120
116.515,-72.347,120
114.625,-73.001,120
112.735,-73.654,120
110.844,-74.305,120
108.952,-74.955,120
107.06,-75.604,120
105.168,-76.251,120
103.275,-76.898,120
101.382,-77.543,120
99.489,-78.186,120
97.595,-78.829,120
95.7,-79.47,120
93.805,-80.109,120
91.91,-80.748,120
90.014,-81.385,120
88.118,-82.021,120
86.221,-82.655,120
84.324,-83.288,120
82.426,-83.919,120
80.528,-84.55,120
78.63,-85.179,120
76.731,-85.807,120
74.831,-86.433,120
72.931,-87.058,120
71.031,-87.681,120
69.13,-88.304,120
67.229,-88.925,120
65.328,-89.545,120
63.426,-90.164,120
61.524,-90.781,120
59.621,-91.397,120
57.718,-92.013,120
55.815,-92.627,120
53.911,-93.24,120
52.007,-93.851,120
50.102,-94.462,120
48.197,-95.072,120
46.292,-95.681,120
44.387,-96.289,120
42.481,-96.896,120
40.575,-97.502,120
38.669,-98.107,120
36.763,-98.711,120
34.856,-99.315,120
32.949,-99.918,120
31.042,-100.52,120
29.135,-101.122,120
27.227,-101.723,120
25.319,-102.324,120
23.411,-102.924,120
21.503,-103.524,120
19.595,-104.123,120
17.687,-104.722,120
15.779,-105.32,120
13.87,-105.918,120
11.962,-106.516,120
10.053,-107.114,120
8.145,-107.711,120
6.236,-108.309,120
4.327,-108.906,120
2.418,-109.503,120
0.509,-110.1,120
-1.399,-110.697,120
-3.308,-111.294,120
-5.217,-111.891,120
-7.126,-112.488,120
-9.035,-113.085,120
-10.943,-113.683,120
-12.852,-114.28,120
-14.761,-114.877,120
-16.669,-115.475,120
-18.578,-116.073,120
-20.486,-116.671,120
-22.395,-117.269,120
-24.303,-117.868,120
-26.211,-118.467,120
-28.12,-119.066,120
-30.028,-119.665,120
-31.936,-120.265,120
-33.844,-120.865,120
-35.751,-121.465,120
-37.659,-122.065,120
-39.567,-122.666,120
-41.474,-123.268,120
-43.381,-123.869,120
-45.289,-124.471,120
-47.196,-125.074,120
-49.103,-125.676,120
-51.01,-126.28,120
-52.916,-126.883,120
-54.823,-127.487,120
-56.73,-128.091,120
-58.636,-128.696,120
-60.542,-129.301,120
-62.448,-129.907,120
-64.354,-130.512,120
-66.26,-131.119,120
-68.166,-131.726,120
-70.072,-132.333,120
-71.977,-132.94,120
-73.882,-133.548,120
-75.788,-134.157,120
-77.693,-134.766,120
-79.598,-135.375,120
-81.503,-135.984,120
-83.407,-136.595,120
-85.312,-137.205,120
-87.216,-137.816,120
-89.12,-138.427,120
-91.025,-139.039,120
-92.929,-139.651,120
-94.832,-140.264,120
-96.736,-140.877,120
-98.64,-141.49,120
-100.543,-142.104,120
-102.447,-142.718,120
-104.35,-143.333,120
-106.253,-143.948,120
-108.156,-144.563,120
-110.059,-145.179,120
-111.961,-145.795,120
-113.864,-146.412,120
-115.767,-147.029,120
-117.669,-147.646,120
-119.571,-148.264,120,0
-121.473,-148.882,120
-123.377,-149.495,120
-125.291,-150.075,120
-127.205,-150.653,120
-129.12,-151.231,120
-131.036,-151.807,120
-132.951,-152.381,120
-134.867,-152.954,120
-136.784,-153.525,120
-138.702,-154.094,120
-140.62,-154.659,120
-142.539,-155.222,120
-144.46,-155.78,120
-146.382,-156.334,120
-148.304,-156.885,120
-150.181,-157.568,120
-152.015,-158.364,120
-153.867,-159.118,120
-155.727,-159.854,120
-157.592,-160.578,120
-159.459,-161.294,120
-161.329,-162.004,120
-163.2,-162.709,120
-165.073,-163.41,120
-166.948,-164.109,120
-168.823,-164.804,120
-169.514,-165.267,120,0
-167.515,-165.201,120
-165.517,-165.126,120
-163.518,-165.043,120
-161.521,-164.952,120
-159.523,-164.852,120
-157.526,-164.744,120
-155.529,-164.63,120
-153.533,-164.507,120
-151.537,-164.379,120
-149.542,-164.242,120
-147.547,-164.101,120
-145.552,-163.952,120
-143.558,-163.798,120
-141.565,-163.639,120
-139.571,-163.474,120
-137.579,-163.304,120
-135.586,-163.13,120
-133.594,-162.951,120
-131.603,-162.769,120
-129.611,-162.582,120
-127.62,-162.392,120
-125.63,-162.198,120
-123.64,-162.001,120
-121.65,-161.801,120
-119.66,-161.599,120
-117.67,-161.394,120
-115.681,-161.187,120
-113.692,-160.977,120
-111.703,-160.766,120
-109.715,-160.553,120
-107.726,-160.339,120
-105.738,-160.123,120
-103.75,-159.906,120
-101.762,-159.687,120
-99.774,-159.468,120
-97.786,-159.248,120
-95.798,-159.027,120
-93.81,-158.806,120
-91.823,-158.584,120
-89.835,-158.361,120
-87.848,-158.139,120
-85.86,-157.916,120
-83.872,-157.693,120
-81.885,-157.47,120
-79.897,-157.247,120
-77.91,-157.024,120
-75.922,-156.802,120
-73.935,-156.579,120
-71.947,-156.357,120
-69.959,-156.136,120
-67.972,-155.914,120
-65.984,-155.693,120
-63.996,-155.473,120
-62.008,-155.253,120
-60.02,-155.034,120
-58.032,-154.816,120
-56.044,-154.598,120
-54.056,-154.381,120
-52.068,-154.165,120
-50.079,-153.949,120
-48.091,-153.734,120
-46.102,-153.52,120
-44.114,-153.307,120
-42.125,-153.094,120
-40.136,-152.883,120
-38.147,-152.672,120
-36.158,-152.463,120
-34.169,-152.254,120
-32.18,-152.046,120
-30.191,-151.84,120
-28.201,-151.634,120
-26.212,-151.429,120
-24.222,-151.225,120
-22.233,-151.022,120
-20.243,-150.82,120
-18.253,-150.619,120
-16.263,-150.419,120
-14.273,-150.22,120
-12.283,-150.022,120
-10.293,-149.825,120
-8.302,-149.629,120
-6.312,-149.434,120
-4.321,-149.241,120,0
-2.622,-149.68,120
-1.536,-151.36,120
-0.585,-153.118,120
0.154,-154.975,120
0.595,-156.923,120
0.755,-158.916,120
0.797,-160.915,120
0.889,-162.913,120
1.103,-164.901,120
1.45,-166.871,120
1.727,-167.729,120,0
1.54,-165.738,120
1.318,-163.75,120
1.065,-161.766,120
0.783,-159.786,120
0.476,-157.81,120
0.147,-155.837,120
-0.203,-153.868,120
-0.572,-151.902,120
-0.957,-149.94,120
-1.358,-147.981,120
-1.774,-146.024,120
-2.203,-144.071,120
-2.643,-142.12,120
-3.096,-140.172,120
-3.559,-138.226,120
-4.032,-136.283,120
-4.514,-134.342,120
-5.005,-132.403,120
-5.504,-130.466,120
-6.01,-128.531,120
-6.523,-126.598,120
-7.044,-124.667,120
-7.57,-122.738,120
-8.102,-120.81,120
-8.639,-118.883,120
-9.182,-116.958,120
-9.729,-115.035,120
-10.281,-113.112,120
-10.837,-111.191,120
-11.397,-109.271,120
-11.961,-107.352,120
-12.528,-105.434,120
-13.098,-103.517,120
-13.671,-101.601,120
-14.247,-99.686,120
-14.825,-97.771,120
-15.405,-95.857,120
-15.988,-93.944,120
-16.571,-92.031,120
-17.157,-90.119,120
-17.744,-88.207,120
-18.331,-86.295,120
-18.92,-84.384,120
-19.509,-82.472,120
-20.098,-80.561,120
-20.688,-78.65,120
-21.277,-76.739,120
-21.866,-74.827,120
-22.454,-72.916,120
-23.041,-71.004,120
-23.627,-69.092,120
-24.211,-67.179,120
-24.793,-65.265,120
-25.372,-63.351,120
-25.948,-61.436,120
-26.521,-59.52,120
-27.09,-57.602,120
-27.654,-55.683,120
-28.213,-53.763,120
-28.766,-51.841,120
-29.312,-49.917,120
-29.85,-47.991,120
-30.379,-46.062,120
-30.897,-44.13,120
-31.402,-42.195,120
-31.893,-40.256,120
-32.367,-38.309,120,0
-32.367,-38.309,0,0
#PATH.JERRYIO-DATA {"appVersion":"0.8.3","format":"path.jerryio v0.1","gc":{"robotWidth":30,"robotHeight":30,"robotIsHolonomic":false,"showRobot":false,"uol":1,"pointDensity":2,"controlMagnetDistance":5,"fieldImage":{"displayName":"V5RC 2025 - High Stakes (Skills)","signature":"V5RC 2025 - High Stakes (Skills)","origin":{"__type":"built-in"}},"coordinateSystem":"VEX Gaming Positioning System"},"paths":[{"segments":[{"controls":[{"uid":"KdNZ4m7yl2","x":-166.53155434359172,"y":0.023957927541889933,"lock":false,"visible":true,"heading":0,"__type":"end-point"},{"uid":"K3GU7CdLZN","x":-126.40202571094663,"y":-23.33502142578884,"lock":false,"visible":true,"__type":"control"},{"uid":"hN37IAczts","x":-118.01675107128943,"y":-27.527658745617437,"lock":false,"visible":true,"__type":"control"},{"uid":"0a93Ehk7KX","x":-61.11667315932996,"y":-56.876119984417585,"lock":false,"visible":true,"heading":0,"__type":"end-point"}],"speedProfiles":[],"lookaheadKeyframes":[],"uid":"lTo2ZLCeXP"},{"controls":[{"uid":"0a93Ehk7KX","x":-61.11667315932996,"y":-56.876119984417585,"lock":false,"visible":true,"heading":0,"__type":"end-point"},{"uid":"uH7ePwxReV","x":-4.216595247370492,"y":-86.22458122321774,"lock":false,"visible":true,"__type":"control"},{"uid":"3zCyg2YOhB","x":-113.52463965718738,"y":-32.61871834826644,"lock":false,"visible":true,"__type":"control"},{"uid":"PiiLFWeyuz","x":-169.52629528632644,"y":-7.762368523568354,"lock":false,"visible":true,"heading":0,"__type":"end-point"}],"speedProfiles":[],"lookaheadKeyframes":[],"uid":"qH8IAEwP39"},{"controls":[{"uid":"PiiLFWeyuz","x":-169.52629528632644,"y":-7.762368523568354,"lock":false,"visible":true,"heading":0,"__type":"end-point"},{"uid":"MubFUoHJ6v","x":-153.65416828983248,"y":-31.121347876899087,"lock":false,"visible":true,"__type":"control"},{"uid":"bdOi5GXcVP","x":-151.85732372419162,"y":-23.035547331515367,"lock":false,"visible":true,"__type":"control"},{"uid":"o8c8oMilH2","x":-130.59466303077522,"y":-49.688741721854285,"lock":false,"visible":true,"heading":0,"__type":"end-point"}],"speedProfiles":[],"lookaheadKeyframes":[],"uid":"NX4nap2xPA"},{"controls":[{"uid":"o8c8oMilH2","x":-130.59466303077522,"y":-49.688741721854285,"lock":false,"visible":true,"heading":0,"__type":"end-point"},{"uid":"PDArrTiDr1","x":-141.9746786131671,"y":-83.22984028048303,"lock":false,"visible":true,"__type":"control"},{"uid":"mjHdZTX0YW","x":-143.77152317880794,"y":-90.11774444877285,"lock":false,"visible":true,"__type":"control"},{"uid":"eXIL0r7jOq","x":-151.25837553564472,"y":-120.36462797039343,"lock":false,"visible":true,"heading":0,"__type":"end-point"}],"speedProfiles":[],"lookaheadKeyframes":[],"uid":"WUQyZHnbjb"},{"controls":[{"uid":"eXIL0r7jOq","x":-151.25837553564472,"y":-120.36462797039343,"lock":false,"visible":true,"heading":0,"__type":"end-point"},{"uid":"GXSUMCyPhY","x":-135.08677444487728,"y":-119.46620568757301,"lock":false,"visible":true,"__type":"control"},{"uid":"3RWrA8ai8N","x":-138.081515387612,"y":-117.66936112193218,"lock":false,"visible":true,"__type":"control"},{"uid":"ITfXYe0Wtp","x":-119.5141215426568,"y":-117.96883521620566,"lock":false,"visible":true,"heading":0,"__type":"end-point"}],"speedProfiles":[],"lookaheadKeyframes":[],"uid":"0g9OvRJv5T"},{"controls":[{"uid":"ITfXYe0Wtp","x":-119.5141215426568,"y":-117.96883521620566,"lock":false,"visible":true,"heading":0,"__type":"end-point"},{"uid":"6UVI3RvHA4","x":-110.82937280872613,"y":-119.46620568757302,"lock":false,"visible":true,"__type":"control"},{"uid":"8YiWCi3mIj","x":-90.16566030385664,"y":-118.5677834047526,"lock":false,"visible":true,"__type":"control"},{"uid":"DdMpih7jey","x":-60.81719906505649,"y":-119.16673159329955,"lock":false,"visible":true,"heading":0,"__type":"end-point"}],"speedProfiles":[],"lookaheadKeyframes":[],"uid":"lAmwJCEONI"},{"controls":[{"uid":"DdMpih7jey","x":-60.81719906505649,"y":-119.16673159329955,"lock":false,"visible":true,"heading":0,"__type":"end-point"},{"uid":"OqVo4QOXUb","x":-31.468737826256344,"y":-119.76567978184649,"lock":false,"visible":true,"__type":"control"},{"uid":"1qKayMYdaE","x":-0.9223802103623022,"y":-119.46620568757302,"lock":false,"visible":true,"__type":"control"},{"uid":"Gz8OKd5FqS","x":58.97243864433189,"y":-119.76567978184649,"lock":false,"visible":true,"heading":0,"__type":"end-point"}],"speedProfiles":[],"lookaheadKeyframes":[],"uid":"huy2UKHXlL"},{"controls":[{"uid":"Gz8OKd5FqS","x":58.97243864433189,"y":-119.76567978184649,"lock":false,"visible":true,"heading":0,"__type":"end-point"},{"uid":"bI371RlZrS","x":118.86725749902608,"y":-120.06515387611995,"lock":false,"visible":true,"__type":"control"},{"uid":"oZk03MBGAo","x":90.41721854304633,"y":-119.76567978184649,"lock":false,"visible":true,"__type":"control"},{"uid":"TsCfTklyHc","x":120.06515387611995,"y":-119.16673159329955,"lock":false,"visible":true,"heading":0,"__type":"end-point"}],"speedProfiles":[],"lookaheadKeyframes":[],"uid":"Lta5jgKEeb"},{"controls":[{"uid":"TsCfTklyHc","x":120.06515387611995,"y":-119.16673159329955,"lock":false,"visible":true,"heading":0,"__type":"end-point"},{"uid":"I7YhxYPTCE","x":149.71308920919358,"y":-118.5677834047526,"lock":false,"visible":true,"__type":"control"},{"uid":"ei0qsBoldo","x":134.73938449552003,"y":-118.86725749902607,"lock":false,"visible":true,"__type":"control"},{"uid":"vzrd2GlJFg","x":149.4136151149201,"y":-118.5677834047526,"lock":false,"visible":true,"heading":0,"__type":"end-point"}],"speedProfiles":[],"lookaheadKeyframes":[],"uid":"rydX0yIqNc"},{"controls":[{"uid":"vzrd2GlJFg","x":149.4136151149201,"y":-118.5677834047526,"lock":false,"visible":true,"heading":0,"__type":"end-point"},{"uid":"Rom3NNjHKf","x":164.08784573432018,"y":-118.26830931047914,"lock":false,"visible":true,"__type":"control"},{"uid":"h0nt7aD92D","x":152.70783015192828,"y":-117.96883521620566,"lock":false,"visible":true,"__type":"control"},{"uid":"olG29LZ62p","x":164.9862680171406,"y":-152.70783015192828,"lock":false,"visible":true,"heading":0,"__type":"end-point"}],"speedProfiles":[],"lookaheadKeyframes":[],"uid":"FUmqLdYwWB"},{"controls":[{"uid":"olG29LZ62p","x":164.9862680171406,"y":-152.70783015192828,"lock":false,"visible":true,"heading":0,"__type":"end-point"},{"uid":"so80E0rQqA","x":173.67101675107125,"y":-175.46786131671206,"lock":false,"visible":true,"__type":"control"},{"uid":"QyZwnpIjvw","x":142.82518504090382,"y":-152.7078301519283,"lock":false,"visible":true,"__type":"control"},{"uid":"D8bwqdJ4fm","x":120.06515387611995,"y":-149.71308920919358,"lock":false,"visible":true,"heading":0,"__type":"end-point"}],"speedProfiles":[],"lookaheadKeyframes":[],"uid":"thzTlVtfEi"},{"controls":[{"uid":"D8bwqdJ4fm","x":120.06515387611995,"y":-149.71308920919358,"lock":false,"visible":true,"heading":0,"__type":"end-point"},{"uid":"H1FtqSKdGo","x":117.07041293338524,"y":-136.53622906116087,"lock":false,"visible":true,"__type":"control"},{"uid":"P1ZO2jPUwS","x":119.16673159329955,"y":-94.31038176860146,"lock":false,"visible":true,"__type":"control"},{"uid":"gQPkvcWIeN","x":118.26830931047913,"y":-38.907674328009335,"lock":false,"visible":true,"heading":0,"__type":"end-point"}],"speedProfiles":[],"lookaheadKeyframes":[],"uid":"zO1oOWObDN"},{"controls":[{"uid":"gQPkvcWIeN","x":118.26830931047913,"y":-38.907674328009335,"lock":false,"visible":true,"heading":0,"__type":"end-point"},{"uid":"cR3YhHo8rL","x":152.40835605765483,"y":-13.152902220490832,"lock":false,"visible":true,"__type":"control"},{"uid":"tdrr66UsVd","x":143.4241332294507,"y":-22.137125048694962,"lock":false,"visible":true,"__type":"control"},{"uid":"jMm5qWty4j","x":168.57995714842224,"y":-5.366575769380587,"lock":false,"visible":true,"heading":0,"__type":"end-point"}],"speedProfiles":[],"lookaheadKeyframes":[],"uid":"luYjysgiFj"},{"controls":[{"uid":"jMm5qWty4j","x":168.57995714842224,"y":-5.366575769380587,"lock":false,"visible":true,"heading":0,"__type":"end-point"},{"uid":"7wS011iyYO","x":180.25944682508762,"y":5.115017530190896,"lock":false,"visible":true,"__type":"control"},{"uid":"cem9XlZCjb","x":171.87417218543044,"y":0.6229061160888318,"lock":false,"visible":true,"__type":"control"},{"uid":"97U3kiCGzh","x":136.2367549668874,"y":3.0186988702765993,"lock":false,"visible":true,"heading":359.79999999999995,"__type":"end-point"}],"speedProfiles":[],"lookaheadKeyframes":[],"uid":"cAqyYAc1O9"},{"controls":[{"uid":"97U3kiCGzh","x":136.2367549668874,"y":3.0186988702765993,"lock":false,"visible":true,"heading":359.79999999999995,"__type":"end-point"},{"uid":"13xA6IBiwP","x":117.3698870276587,"y":7.810284378652135,"lock":false,"visible":true,"__type":"control"},{"uid":"V57JjX0Bpx","x":98.50301908843007,"y":-30.522399688352145,"lock":false,"visible":true,"__type":"control"},{"uid":"qpynCpVQ06","x":58.97243864433189,"y":-61.06875730424618,"lock":false,"visible":true,"heading":0,"__type":"end-point"}],"speedProfiles":[],"lookaheadKeyframes":[],"uid":"EADKW9eID0"},{"controls":[{"uid":"qpynCpVQ06","x":58.97243864433189,"y":-61.06875730424618,"lock":false,"visible":true,"heading":0,"__type":"end-point"},{"uid":"Mvdbm4BZ3R","x":21.837650954421488,"y":-32.31924425399297,"lock":false,"visible":true,"__type":"control"},{"uid":"LIV2M88slv","x":30.222925594078674,"y":-30.222925594078674,"lock":false,"visible":true,"__type":"control"},{"uid":"pxwVJ4XOs0","x":-0.9223802103623028,"y":1.2218543046357737,"lock":false,"visible":true,"heading":0,"__type":"end-point"}],"speedProfiles":[],"lookaheadKeyframes":[],"uid":"ocFdOppY22"},{"controls":[{"uid":"pxwVJ4XOs0","x":-0.9223802103623028,"y":1.2218543046357737,"lock":false,"visible":true,"heading":0,"__type":"end-point"},{"uid":"DrREZDVgQ3","x":-30.869789637709395,"y":32.36716010907675,"lock":false,"visible":true,"__type":"control"},{"uid":"9dv067MA54","x":-30.8697896377094,"y":31.46873782625634,"lock":false,"visible":true,"__type":"control"},{"uid":"1yGitugg08","x":-60.81719906505649,"y":61.715621347876905,"lock":false,"visible":true,"heading":0,"__type":"end-point"}],"speedProfiles":[],"lookaheadKeyframes":[],"uid":"TlUWpco9QD"},{"controls":[{"uid":"1yGitugg08","x":-60.81719906505649,"y":61.715621347876905,"lock":false,"visible":true,"heading":0,"__type":"end-point"},{"uid":"6yBdWQ2Hm2","x":-90.76460849240358,"y":91.96250486949747,"lock":false,"visible":true,"__type":"control"},{"uid":"InLF5lK80q","x":-91.663030775224,"y":94.65777171795871,"lock":false,"visible":true,"__type":"control"},{"uid":"jG8RkwhZLt","x":-119.81359563693026,"y":122.20938839111803,"lock":false,"visible":true,"heading":0,"__type":"end-point"}],"speedProfiles":[],"lookaheadKeyframes":[],"uid":"lJds9b93Op"},{"controls":[{"uid":"jG8RkwhZLt","x":-119.81359563693026,"y":122.20938839111803,"lock":false,"visible":true,"heading":0,"__type":"end-point"},{"uid":"hqe1nEk4Dq","x":-119.21464744838332,"y":140.77678223607322,"lock":false,"visible":true,"__type":"control"},{"uid":"hinEnPlakp","x":-120.11306973120372,"y":135.38624853915076,"lock":false,"visible":true,"__type":"control"},{"uid":"Es8oTXTzJf","x":-120.4125438254772,"y":148.56310868718347,"lock":false,"visible":true,"heading":0,"__type":"end-point"}],"speedProfiles":[],"lookaheadKeyframes":[],"uid":"g9mcsRSXXo"},{"controls":[{"uid":"Es8oTXTzJf","x":-120.4125438254772,"y":148.56310868718347,"lock":false,"visible":true,"heading":0,"__type":"end-point"},{"uid":"UGE9HsRQMM","x":-120.71201791975068,"y":161.7399688352162,"lock":false,"visible":true,"__type":"control"},{"uid":"gHqel8vIXa","x":-135.38624853915076,"y":134.7873003506038,"lock":false,"visible":true,"__type":"control"},{"uid":"Yrz5lM7M7O","x":-150.3599532528243,"y":121.01149201402414,"lock":false,"visible":true,"heading":0,"__type":"end-point"}],"speedProfiles":[],"lookaheadKeyframes":[],"uid":"WMPt215qif"},{"controls":[{"uid":"Yrz5lM7M7O","x":-150.3599532528243,"y":121.01149201402414,"lock":false,"visible":true,"heading":0,"__type":"end-point"},{"uid":"dwnmEvQDYC","x":-164.7347097779509,"y":155.75048694974677,"lock":false,"visible":true,"__type":"control"},{"uid":"h69uQ70PrG","x":-160.54207245812233,"y":145.56836774444875,"lock":false,"visible":true,"__type":"control"},{"uid":"Y54hJ5siV8","x":-170.72419166342033,"y":170.12524347487337,"lock":false,"visible":true,"heading":0,"__type":"end-point"}],"speedProfiles":[],"lookaheadKeyframes":[],"uid":"kMeHCOkqc6"},{"controls":[{"uid":"Y54hJ5siV8","x":-170.72419166342033,"y":170.12524347487337,"lock":false,"visible":true,"heading":0,"__type":"end-point"},{"uid":"knGVFeEJNP","x":-180.90631086871832,"y":194.682119205298,"lock":false,"visible":true,"__type":"control"},{"uid":"TAE6bVORQK","x":-149.46153097000388,"y":124.60518114530579,"lock":false,"visible":true,"__type":"control"},{"uid":"xQUkl4QTVt","x":-128.19887027658746,"y":79.08511881573821,"lock":false,"visible":true,"heading":0,"__type":"end-point"}],"speedProfiles":[],"lookaheadKeyframes":[],"uid":"rftzDjXHQc"},{"controls":[{"uid":"xQUkl4QTVt","x":-128.19887027658746,"y":79.08511881573821,"lock":false,"visible":true,"heading":0,"__type":"end-point"},{"uid":"KPQxpyWNot","x":-121.31096610829762,"y":47.64033891702377,"lock":false,"visible":true,"__type":"control"},{"uid":"sGAn5KnRoQ","x":-94.35829762368525,"y":100.64725360342811,"lock":false,"visible":true,"__type":"control"},{"uid":"A0ufiSg2iO","x":-60.51772497078302,"y":122.20938839111803,"lock":false,"visible":true,"heading":0,"__type":"end-point"}],"speedProfiles":[],"lookaheadKeyframes":[],"uid":"7LdV087fMb"},{"controls":[{"uid":"A0ufiSg2iO","x":-60.51772497078302,"y":122.20938839111803,"lock":false,"visible":true,"heading":0,"__type":"end-point"},{"uid":"s0AAgfn8Mo","x":-12.60186988702767,"y":145.56836774444878,"lock":false,"visible":true,"__type":"control"},{"uid":"OQqGlNHD00","x":-46.142968445656415,"y":129.39676665368134,"lock":false,"visible":true,"__type":"control"},{"uid":"Sp9Lw7NflJ","x":1.7728866380989357,"y":149.16205687573043,"lock":false,"visible":true,"heading":0,"__type":"end-point"}],"speedProfiles":[],"lookaheadKeyframes":[],"uid":"xVpe1V8fOH"},{"controls":[{"uid":"Sp9Lw7NflJ","x":1.7728866380989357,"y":149.16205687573043,"lock":false,"visible":true,"heading":0,"__type":"end-point"},{"uid":"ntYl8QvAco","x":28.12660693416438,"y":134.18835216205687,"lock":false,"visible":true,"__type":"control"},{"uid":"n57cGW4xpM","x":30.52239968835215,"y":135.38624853915076,"lock":false,"visible":true,"__type":"control"},{"uid":"5cJq6Fw4EM","x":59.27191273860536,"y":121.61044020257108,"lock":false,"visible":true,"heading":0,"__type":"end-point"}],"speedProfiles":[],"lookaheadKeyframes":[],"uid":"SHYnpWNd8q"},{"controls":[{"uid":"5cJq6Fw4EM","x":59.27191273860536,"y":121.61044020257108,"lock":false,"visible":true,"heading":0,"__type":"end-point"},{"uid":"NgHFxpHtgp","x":94.01090767432798,"y":118.01675107128943,"lock":false,"visible":true,"__type":"control"},{"uid":"2N5vAGmFq8","x":88.91984807167898,"y":121.01149201402414,"lock":false,"visible":true,"__type":"control"},{"uid":"esNyNR5zoJ","x":118.5677834047526,"y":120.4125438254772,"lock":false,"visible":true,"heading":0,"__type":"end-point"}],"speedProfiles":[],"lookaheadKeyframes":[],"uid":"pi0VyKQaRL"},{"controls":[{"uid":"esNyNR5zoJ","x":118.5677834047526,"y":120.4125438254772,"lock":false,"visible":true,"heading":0,"__type":"end-point"},{"uid":"oNBVLe7foj","x":148.21571873782622,"y":119.81359563693026,"lock":false,"visible":true,"__type":"control"},{"uid":"wjqjytHlQ3","x":134.73938449552003,"y":119.81359563693026,"lock":false,"visible":true,"__type":"control"},{"uid":"FcBoKmE4A1","x":150.91098558628747,"y":119.21464744838332,"lock":false,"visible":true,"heading":0,"__type":"end-point"}],"speedProfiles":[],"lookaheadKeyframes":[],"uid":"S3BEG7cSke"},{"controls":[{"uid":"FcBoKmE4A1","x":150.91098558628747,"y":119.21464744838332,"lock":false,"visible":true,"heading":0,"__type":"end-point"},{"uid":"rlx1KnuUV4","x":167.0825866770549,"y":118.61569925983638,"lock":false,"visible":true,"__type":"control"},{"uid":"wcjntlIRMT","x":134.1404363069731,"y":134.18835216205687,"lock":false,"visible":true,"__type":"control"},{"uid":"Ygwu4fcIEi","x":117.36988702765872,"y":149.16205687573043,"lock":false,"visible":true,"heading":0,"__type":"end-point"}],"speedProfiles":[],"lookaheadKeyframes":[],"uid":"fU1hsw0aaS"},{"controls":[{"uid":"Ygwu4fcIEi","x":117.36988702765872,"y":149.16205687573043,"lock":false,"visible":true,"heading":0,"__type":"end-point"},{"uid":"0evP96SW3V","x":140.72886638098944,"y":155.15153876119984,"lock":false,"visible":true,"__type":"control"},{"uid":"4pEodrXQpc","x":140.429392286716,"y":155.15153876119984,"lock":false,"visible":true,"__type":"control"},{"uid":"MlTM8PJFHK","x":161.69205298013242,"y":164.13576158940396,"lock":false,"visible":true,"heading":0,"__type":"end-point"}],"speedProfiles":[],"lookaheadKeyframes":[],"uid":"KGofRLKG51"},{"controls":[{"uid":"MlTM8PJFHK","x":161.69205298013242,"y":164.13576158940396,"lock":false,"visible":true,"heading":0,"__type":"end-point"},{"uid":"r8BDWLJS1b","x":182.95471367354884,"y":173.11998441760807,"lock":false,"visible":true,"__type":"control"},{"uid":"LMPHLO6yS4","x":110.63171990650562,"y":112.17700623295676,"lock":false,"visible":true,"__type":"control"},{"uid":"IKGDpjmZNH","x":59.57138683287883,"y":60.21825087650955,"lock":false,"visible":true,"heading":0,"__type":"end-point"}],"speedProfiles":[],"lookaheadKeyframes":[],"uid":"nt5nT0zeRx"},{"controls":[{"uid":"IKGDpjmZNH","x":59.57138683287883,"y":60.21825087650955,"lock":false,"visible":true,"heading":0,"__type":"end-point"},{"uid":"3DQlCI1gRI","x":30.222925594078674,"y":114.12358784573432,"lock":false,"visible":true,"__type":"control"},{"uid":"SLafvAWqd2","x":26.629236462797024,"y":121.90991429684456,"lock":false,"visible":true,"__type":"control"},{"uid":"4efU9sYXWL","x":6.264998052200999,"y":168.02892481495908,"lock":false,"visible":true,"heading":0,"__type":"end-point"}],"speedProfiles":[],"lookaheadKeyframes":[],"uid":"Nkr6tJm8Ya"},{"controls":[{"uid":"4efU9sYXWL","x":6.264998052200999,"y":168.02892481495908,"lock":false,"visible":true,"heading":0,"__type":"end-point"},{"uid":"AukNREEQwX","x":-14.099240358395026,"y":214.1479353330736,"lock":false,"visible":true,"__type":"control"},{"uid":"tluT5ZcjBq","x":82.63089209193609,"y":46.142968445656415,"lock":false,"visible":true,"__type":"control"},{"uid":"1hqP0eJyGO","x":149.4136151149201,"y":-60.76928320997271,"lock":false,"visible":true,"heading":0,"__type":"end-point"}],"speedProfiles":[],"lookaheadKeyframes":[],"uid":"dNvplKaysU"},{"controls":[{"uid":"1hqP0eJyGO","x":149.4136151149201,"y":-60.76928320997271,"lock":false,"visible":true,"heading":0,"__type":"end-point"},{"uid":"9nS65bxezl","x":48.79031943903387,"y":-96.70617452278923,"lock":false,"visible":true,"__type":"control"},{"uid":"8GpkTW8SQX","x":13.15290222049083,"y":-105.09144916244641,"lock":false,"visible":true,"__type":"control"},{"uid":"xXCu06f20C","x":-123.10781067393845,"y":-149.4136151149201,"lock":false,"visible":true,"heading":0,"__type":"end-point"}],"speedProfiles":[],"lookaheadKeyframes":[],"uid":"WWH9upIQ2Y"},{"controls":[{"uid":"xXCu06f20C","x":-123.10781067393845,"y":-149.4136151149201,"lock":false,"visible":true,"heading":0,"__type":"end-point"},{"uid":"TJpgSxgJtd","x":-169.52629528632644,"y":-163.48889754577326,"lock":false,"visible":true,"__type":"control"},{"uid":"3qPuqV4whD","x":-131.19361121932215,"y":-150.91098558628747,"lock":false,"visible":true,"__type":"control"},{"uid":"ldSE9PaZzO","x":-170.12524347487337,"y":-165.28574211141407,"lock":false,"visible":true,"heading":0,"__type":"end-point"}],"speedProfiles":[],"lookaheadKeyframes":[],"uid":"1pR0JQSbbO"},{"controls":[{"uid":"ldSE9PaZzO","x":-170.12524347487337,"y":-165.28574211141407,"lock":false,"visible":true,"heading":0,"__type":"end-point"},{"uid":"fsdGsy2KKp","x":-129.39676665368134,"y":-164.08784573432018,"lock":false,"visible":true,"__type":"control"},{"uid":"7GmZ5H19Gj","x":-86.57197117257499,"y":-157.19994156603036,"lock":false,"visible":true,"__type":"control"},{"uid":"2nnawrNolP","x":-3.0186988702765993,"y":-149.11414102064663,"lock":false,"visible":true,"heading":0,"__type":"end-point"}],"speedProfiles":[],"lookaheadKeyframes":[],"uid":"YcA0Vxni4B"},{"controls":[{"uid":"2nnawrNolP","x":-3.0186988702765993,"y":-149.11414102064663,"lock":false,"visible":true,"heading":0,"__type":"end-point"},{"uid":"OpOhLIJwW9","x":2.9707830151928185,"y":-157.4994156603038,"lock":false,"visible":true,"__type":"control"},{"uid":"ogIbTFQg4P","x":-0.6229061160888318,"y":-158.6973120373977,"lock":false,"visible":true,"__type":"control"},{"uid":"0R4TcSl34c","x":1.7728866380989357,"y":-168.2804830541488,"lock":false,"visible":true,"heading":0,"__type":"end-point"}],"speedProfiles":[],"lookaheadKeyframes":[],"uid":"ySBWgjCMlv"},{"controls":[{"uid":"0R4TcSl34c","x":1.7728866380989357,"y":-168.2804830541488,"lock":false,"visible":true,"heading":0,"__type":"end-point"},{"uid":"bQyeiUmp2K","x":-0.9223802103623028,"y":-133.84096221269962,"lock":false,"visible":true,"__type":"control"},{"uid":"rHI1clEMjQ","x":-24.88030775223998,"y":-69.75350603817684,"lock":false,"visible":true,"__type":"control"},{"uid":"vYjcaew1sl","x":-32.36716010907675,"y":-38.30872613946239,"lock":false,"visible":true,"heading":0,"__type":"end-point"}],"speedProfiles":[],"lookaheadKeyframes":[],"uid":"sKHRMxgnEp"}],"pc":{"speedLimit":{"minLimit":{"value":0,"label":"0"},"maxLimit":{"value":600,"label":"600"},"step":1,"from":40,"to":120},"bentRateApplicableRange":{"minLimit":{"value":0,"label":"0"},"maxLimit":{"value":1,"label":"1"},"step":0.001,"from":0,"to":0.1}},"name":"Path","uid":"DvaKJy8WKk","lock":false,"visible":true}]}